New run of the Duchamp sourcefinder: Wed Nov 22 13:44:35 2006
Executing statement : ./Duchamp -p verification/input2 
---- Parameters ----
Image to be analysed.........................[imageFile]  =  verification/verificationCube.fits
Intermediate Logfile...........................[logFile]  =  verification/log2.txt
Final Results file.............................[outFile]  =  verification/results2.txt
Spectrum file..............................[spectraFile]  =  verification/spectra2.ps
Display a map in a pgplot xwindow?.........[flagXOutput]  =  true
------
Searching for Negative features?..........[flagNegative]  =  false
Fixing Blank Pixels?......................[flagBlankPix]  =  false
Removing Milky Way channels?....................[flagMW]  =  false
Beam Size (pixels)......................................  =  10.1788
Removing baselines before search?.........[flagBaseline]  =  false
Minimum # Pixels in a detection.................[minPix]  =  2
Minimum # Channels in a detection..........[minChannels]  =  2
Growing objects after detection?............[flagGrowth]  =  false
Hanning-smoothing each spectrum first?......[flagSmooth]  =  false
Using A Trous reconstruction?...............[flagATrous]  =  false
Using FDR analysis?............................[flagFDR]  =  true
Alpha value for FDR analysis..................[alphaFDR]  =  0.05
Using Adjacent-pixel criterion?...........[flagAdjacent]  =  true
Max. velocity separation for merging....[threshVelocity]  =  7
Method of spectral plotting.............[spectralMethod]  =  peak
--------------------
--------------------------------------------------------------------------------
 Obj#     X     Y     Z     F_tot    F_peak S/Nmax  X1  X2  Y1  Y2  Z1  Z2  Npix
                        [Jy/beam] [Jy/beam]                                [pix]
--------------------------------------------------------------------------------
    1  25.0  25.1  20.1  1756.304    11.489  11.37  20  30  20  30  14  25   281
    2  24.7  25.0  19.8  1162.274    11.489  11.37  20  30  20  30  16  24   196
    3  25.3  25.1  20.2  1750.490    10.652  10.54  19  30  20  30  15  25   284
    4  81.0  24.5  42.0     8.590     4.440   4.38  81  81  24  25  42  42     2
    5  74.3  25.0  41.7   651.324    11.766  11.64  70  80  20  29  38  44   107
    6  76.0  24.7  42.1  1524.603    10.504  10.39  71  80  20  29  37  47   251
    7  75.3  25.3  41.9  1179.064    11.766  11.64  71  79  20  29  36  47   189
    8  74.3  25.2  41.9   795.383    10.048   9.94  70  79  20  30  37  46   127
    9  74.1  25.1  42.1   672.013    10.343  10.23  70  79  21  31  37  47   106
   10  49.5  50.1  63.9  1747.065    10.926  10.81  45  55  45  55  59  68   288
   11  50.1  49.9  64.0  2610.068    10.926  10.81  45  55  45  55  58  69   423
   12  25.1  75.1  86.1  2801.079    10.445  10.33  20  30  70  80  81  91   461
   13  74.9  74.9 108.2  2909.979    11.304  11.19  70  80  70  80 103 114   480
=-=-=-=-=-=-=-
Cube summary
=-=-=-=-=-=-=-
100x100x128
5 detections:
--------------
Detection #1
  27   24   14  4.178
  27   26   15  5.357
  25   24   15  4.466
  27   24   15  4.125
  27   25   15  4.681
  24   25   15  5.078
  25   25   15  4.274
  23   22   16  4.918
  25   26   16  4.668
  23   26   16  4.829
  27   25   16  5.835
  26   23   16  5.062
  28   24   16  4.308
  24   24   16  5.591
  26   29   16  4.235
  28   28   16  5.405
  26   28   16  5.011
  24   23   16  4.602
  25   25   16  4.891
  27   26   16  4.366
  30   24   16  4.161
  24   27   16  4.636
  26   26   16  4.748
  29   24   16  6.164
  25   23   16  5.404
  22   24   16  5.869
  24   26   16  4.813
  27   28   16  4.788
  27   23   16  4.142
  23   23   16  4.988
  24   21   16  4.907
  26   22   16  4.153
  23   25   17  7.306
  27   23   17  4.799
  25   28   17  5.159
  22   26   17  5.95
  28   27   17  5.767
  27   27   17  4.944
  28   25   17  6.967
  27   28   17  5.178
  24   26   17  7.709
  25   27   17  5.871
  25   23   17  6.472
  26   26   17  4.865
  22   27   17  4.951
  26   25   17  6.098
  27   26   17  5.318
  24   25   17  6.442
  22   25   17  4.297
  24   24   17  7.899
  28   24   17  5.452
  24   27   17  7.109
  26   27   17  6.019
  25   26   17  6.592
  27   22   17  4.873
  23   26   17  5.078
  25   24   17  7.747
  26   24   17  7.722
  27   25   17  7.101
  23   24   17  5.757
  26   23   17  6.055
  22   23   17  4.94
  22   24   17  4.847
  25   25   17  7.457
  27   24   17  5.034
  24   23   17  5
  26   22   17  5.902
  26   21   17  4.712
  24   28   17  5.481
  24   22   17  5.439
  25   20   18  4.712
  25   23   18  6.707
  28   26   18  5.865
  27   29   18  4.597
  24   25   18  7.072
  22   27   18  5.688
  23   27   18  5.617
  23   25   18  7.339
  23   22   18  7.016
  25   24   18  8.735
  26   26   18  8.669
  22   23   18  5.272
  27   22   18  4.731
  22   25   18  5.247
  27   24   18  6.784
  25   25   18  9.708
  26   29   18  4.37
  25   27   18  8.604
  24   21   18  4.493
  23   24   18  6.013
  24   26   18  7.7
  28   23   18  6.577
  23   23   18  4.511
  29   27   18  5.662
  22   24   18  4.391
  27   25   18  7.641
  27   27   18  4.376
  25   22   18  6.567
  25   29   18  6.394
  21   24   18  5.524
  28   28   18  4.128
  23   29   18  4.449
  26   28   18  5.786
  29   25   18  4.193
  28   27   18  5.629
  26   24   18  7.777
  23   28   18  4.506
  23   26   18  6.622
  25   21   18  4.411
  26   23   18  6.083
  22   26   18  6.601
  28   22   18  5.361
  22   21   18  4.139
  25   28   18  4.632
  22   28   18  5.24
  25   26   18  9.307
  29   28   18  5.753
  24   22   18  5.298
  26   27   18  7.373
  28   25   18  4.637
  27   23   18  6.062
  24   27   18  7.417
  24   23   18  6.761
  28   24   18  5.249
  24   24   18  6.671
  29   23   18  4.476
  27   26   18  8.268
  27   28   18  4.531
  30   26   18  4.114
  26   22   18  6.339
  26   25   18  9.167
  25   23   19  9.849
  26   22   19  6.762
  27   22   19  4.244
  25   29   19  5.121
  23   29   19  4.786
  23   25   19  7.317
  28   28   19  5.602
  26   28   19  8.713
  24   28   19  6.359
  26   27   19  8.783
  27   24   19  8.704
  25   25   19  9.607
  24   27   19  7.909
  29   26   19  4.119
  28   26   19  6.802
  26   26   19  9.405
  24   26   19  7.796
  22   26   19  6.874
  21   26   19  4.303
  26   24   19  9.181
  27   25   19  10.01
  28   25   19  6.141
  26   25   19  8.289
  24   25   19  9.284
  29   25   19  4.294
  22   25   19  5.909
  23   26   19  7.273
  28   24   19  7.868
  25   24   19  9.512
  23   24   19  8.548
  26   23   19  8.502
  24   23   19  7.442
  23   23   19  5.987
  25   26   19  9.083
  25   22   19  5.723
  24   22   19  4.827
  23   22   19  7.145
  26   21   19  4.412
  24   24   19  8.999
  25   21   19  4.899
  27   26   19  5.388
  26   20   19  4.656
  25   20   19  4.231
  24   21   19  5.86
  23   21   19  4.339
  22   22   19  4.363
  21   21   19  4.881
  23   27   19  6.798
  22   24   19  7.406
  21   25   19  4.753
  20   25   19  5.64
  28   23   19  5.971
  25   27   19  6.683
  22   29   19  5.082
  21   28   19  4.11
  27   27   19  6.654
  20   28   19  4.294
  23   28   19  7.965
  28   22   19  4.541
  29   22   19  4.564
  27   23   19  7.944
  25   28   19  4.736
  26   29   19  7.056
  27   28   19  4.418
  29   24   19  4.371
  20   24   20  6.177
  25   23   20  8.498
  26   25   20  10.09
  27   28   20  5.066
  24   25   20  9.387
  24   29   20  6.166
  29   22   20  4.727
  22   25   20  6.057
  28   25   20  6.947
  26   29   20  4.856
  25   28   20  6.704
  28   24   20  7.66
  28   22   20  4.861
  27   23   20  7.23
  23   28   20  5.216
  27   27   20  7.98
  22   26   20  5.833
  25   27   20  8.16
  24   26   20  8.222
  28   23   20  5.893
  23   27   20  7.578
  25   30   20  5.195
  26   26   20  8.287
  29   26   20  5.275
  22   27   20  7.859
  23   30   20  4.312
  27   26   20  7.774
  23   29   20  5.307
  24   24   20  9.646
  24   27   20  6.885
  22   28   20  6.225
  25   26   20  10.21
  29   27   20  5.819
  30   26   20  4.864
  26   27   20  8.792
  28   27   20  6.77
  24   28   20  5.713
  23   26   20  7.427
  21   25   20  6.552
  26   28   20  7.746
  28   28   20  5.267
  27   25   20  8.564
  26   24   20  9.749
  30   24   20  4.153
  25   29   20  4.145
  27   29   20  4.936
  22   24   20  7.047
  23   23   20  7.137
  25   25   20  10.4
  27   24   20  8.013
  21   23   20  4.846
  22   22   20  5.126
  23   25   20  8.24
  21   22   20  4.404
  27   22   20  4.852
  21   29   20  5.223
  25   24   20  11.23
  23   24   20  8.146
  21   24   20  4.994
  26   23   20  9.346
  24   23   20  8.237
  26   22   20  5.008
  21   27   20  5.218
  22   23   20  5.25
  25   22   20  6.935
  24   22   20  4.762
  23   22   20  6.428
  25   21   20  4.423
  24   21   20  6.205
  29   24   20  4.443
  27   21   21  6.043
  29   24   21  4.73
  22   24   21  5.642
  24   27   21  8.928
  21   25   21  7.649
  28   24   21  5.632
  21   26   21  5.456
  27   24   21  9.487
  26   29   21  6.013
  21   27   21  5.725
  22   25   21  6.835
  25   26   21  9.829
  26   27   21  8.598
  22   28   21  4.58
  24   29   21  6.604
  26   24   21  8.838
  24   25   21  8.891
  26   21   21  4.548
  27   23   21  7.541
  26   30   21  4.146
  24   21   21  4.979
  28   27   21  6.821
  27   28   21  6.182
  26   25   21  11.49
  24   24   21  10.65
  24   28   21  6.567
  26   22   21  6.323
  23   22   21  5.501
  29   23   21  4.153
  23   26   21  6.462
  28   25   21  5.628
  24   22   21  7.442
  25   23   21  6.996
  26   28   21  7.001
  25   22   21  5.953
  25   28   21  6.366
  29   22   21  4.614
  22   23   21  6.078
  23   28   21  6.406
  22   26   21  5.113
  20   26   21  4.252
  28   28   21  4.765
  24   23   21  7.262
  28   22   21  6.405
  25   27   21  8.959
  24   26   21  9.001
  22   22   21  5.395
  27   25   21  7.084
  26   23   21  8.033
  25   29   21  5.055
  20   23   21  4.438
  27   29   21  5.152
  21   24   21  4.887
  23   27   21  6.696
  26   26   21  10.33
  28   23   21  5.44
  23   24   21  8.434
  23   23   21  6.744
  25   25   21  8.91
  25   20   21  4.983
  29   26   21  6.722
  25   24   21  9.395
  23   25   21  7.23
  22   27   21  5.033
  27   22   21  5.16
  27   26   21  8.869
  27   27   22  6.362
  21   28   22  4.769
  24   28   22  6.064
  26   28   22  4.946
  28   28   22  6.445
  21   29   22  4.216
  23   29   22  5.172
  25   29   22  4.997
  27   29   22  4.574
  23   30   22  4.734
  25   30   22  6.015
  25   26   22  8.977
  25   28   22  6.314
  29   24   22  5.211
  27   21   22  4.412
  26   27   22  7.03
  24   27   22  7.441
  22   27   22  6.608
  23   28   22  4.47
  21   27   22  5.018
  30   26   22  4.74
  28   23   22  4.675
  29   26   22  4.56
  26   26   22  8.281
  24   26   22  7.826
  22   26   22  5.835
  21   26   22  5.309
  30   25   22  4.656
  29   25   22  4.574
  27   24   22  7.666
  28   25   22  6.79
  26   25   22  8.286
  24   25   22  7.853
  22   25   22  6.302
  28   24   22  6.35
  25   27   22  6.728
  25   24   22  7.962
  23   24   22  6.239
  22   24   22  5.064
  26   23   22  7.103
  27   22   22  5.401
  23   26   22  6.355
  24   23   22  6.737
  29   21   22  4.252
  25   22   22  7.099
  24   22   22  5.879
  26   24   22  8.733
  25   21   22  5.324
  24   21   22  4.767
  23   23   22  7.192
  28   27   22  6.545
  23   27   22  6.118
  22   23   22  7.357
  22   22   22  5.028
  22   21   22  4.794
  21   25   22  5.518
  20   24   22  4.305
  19   24   22  4.387
  27   23   22  6.671
  26   29   22  4.853
  24   24   22  8.448
  29   23   22  4.191
  28   26   22  4.955
  24   29   22  4.573
  26   22   22  4.679
  27   26   22  7.21
  27   25   22  7.262
  25   23   22  7.423
  27   28   22  6.29
  28   22   22  4.108
  25   25   22  8.189
  23   25   22  6.228
  27   23   23  5.234
  26   27   23  7.158
  26   22   23  5.803
  24   21   23  4.559
  25   21   23  4.834
  25   22   23  5.383
  24   23   23  6.046
  26   23   23  5.986
  26   24   23  7.507
  23   24   23  6.949
  25   24   23  5.766
  27   27   23  5.408
  28   24   23  5.396
  24   29   23  4.342
  22   25   23  4.773
  21   27   23  4.181
  23   26   23  6.067
  24   25   23  5.643
  24   28   23  4.687
  27   28   23  4.747
  26   25   23  7.011
  24   24   23  7.725
  25   23   23  7.334
  25   28   23  4.473
  28   25   23  6.702
  21   26   23  4.96
  27   25   23  4.339
  25   27   23  4.916
  24   26   23  6.455
  28   28   23  4.539
  22   24   23  4.871
  23   27   23  6.214
  26   26   23  7.348
  25   25   23  5.074
  28   26   23  4.402
  27   26   23  6.273
  27   22   23  4.93
  23   23   23  4.81
  24   27   23  5.38
  27   24   23  5.052
  25   26   23  6.774
  23   25   24  4.544
  25   24   24  5.173
  22   25   24  4.74
  27   28   24  4.381
  24   25   24  4.71
  26   25   24  5.453
  25   28   24  4.221
  28   25   24  4.288
  25   27   24  5.161
  24   26   24  4.627
  23   27   24  5.556
  26   26   24  6.615
  25   26   24  5.797
  24   27   24  6.314
  26   27   24  4.297
  27   27   24  4.923
  24   28   24  4.799
  27   25   24  4.616
  25   25   24  6.127
  27   24   24  4.5
  24   24   24  4.745
  27   23   24  4.469
  23   28   24  4.601
  26   23   24  4.279
  24   27   25  4.794
  27   25   25  4.319
  25   26   25  4.593
  26   27   25  4.535
  26   25   25  4.141
  25   24   25  4.908
---
Detection #2
  76   25   36  4.275
  77   26   36  4.35
  73   25   37  4.257
  74   27   37  5.447
  76   24   37  4.507
  76   25   37  4.74
  75   24   37  4.314
  74   26   37  4.287
  73   26   38  4.781
  76   24   38  4.408
  77   24   38  5.177
  74   25   38  4.782
  75   25   38  5.033
  73   24   38  4.892
  76   25   38  4.961
  74   26   38  5.443
  75   26   38  4.56
  76   26   38  5.784
  77   26   38  6.758
  76   27   38  4.138
  74   24   38  7.164
  78   27   38  4.185
  73   28   38  4.953
  76   23   38  4.326
  75   23   38  5.329
  74   23   38  5.436
  73   27   38  4.887
  72   25   38  5.642
  72   24   39  6.204
  77   29   39  4.712
  73   26   39  7.036
  78   25   39  4.293
  76   29   39  4.113
  77   28   39  5.257
  75   28   39  4.401
  76   27   39  7.06
  71   25   39  4.119
  73   27   39  6.542
  77   25   39  6.39
  74   27   39  5.088
  77   26   39  6.021
  75   26   39  7.907
  76   25   39  7.449
  74   25   39  5.394
  79   24   39  5.581
  75   22   39  4.704
  76   24   39  6.922
  74   24   39  6.149
  75   23   39  6.423
  74   22   39  4.267
  73   22   39  5.262
  71   24   39  4.135
  75   25   39  7.291
  72   25   39  5.955
  78   24   39  5.631
  77   21   39  4.784
  78   28   39  4.575
  77   24   39  4.819
  76   28   39  4.39
  73   23   39  5.327
  75   24   39  5.312
  77   27   39  4.337
  76   21   39  4.135
  75   27   39  6.534
  79   23   39  4.424
  79   26   39  4.397
  72   28   39  5.569
  74   23   39  7.541
  76   26   39  6.146
  73   24   39  5.378
  74   26   39  6.617
  76   23   39  6.147
  79   25   39  4.985
  73   25   39  4.896
  73   26   40  7.834
  73   27   40  6.159
  73   28   40  4.977
  78   28   40  5.463
  75   23   40  5.613
  74   24   40  8.846
  76   24   40  8.166
  76   28   40  6.691
  74   28   40  4.345
  77   27   40  7.579
  75   27   40  7.069
  79   26   40  4.901
  78   26   40  6.349
  76   26   40  7.384
  74   26   40  6.739
  79   25   40  4.232
  78   25   40  6.505
  77   25   40  5.861
  75   25   40  8.461
  78   24   40  6.428
  77   24   40  6.638
  75   24   40  9.189
  79   23   40  4.354
  78   23   40  5.308
  77   23   40  6.149
  76   23   40  9.557
  76   22   40  6.244
  75   22   40  6.986
  77   21   40  4.758
  76   21   40  5.085
  76   20   40  4.259
  74   25   40  8.578
  73   25   40  7.625
  76   25   40  6.206
  75   26   40  8.616
  77   26   40  8.552
  74   27   40  8.552
  73   24   40  8.998
  76   27   40  7.073
  78   27   40  5.148
  75   28   40  5.351
  77   28   40  5.218
  76   29   40  5.353
  74   23   40  7.213
  73   29   40  4.265
  72   28   40  4.783
  71   25   40  5.306
  72   23   40  5.482
  72   22   40  4.325
  71   23   40  4.698
  75   20   40  5.643
  72   26   40  4.234
  72   25   40  5.841
  72   27   40  4.944
  73   23   40  6.539
  72   24   40  5.446
  79   27   40  5.246
  74   22   40  7.006
  74   21   41  6.581
  79   22   41  4.958
  74   29   41  4.343
  73   24   41  8.718
  78   23   41  6.473
  76   26   41  8.306
  75   26   41  8.712
  77   23   41  5.927
  75   21   41  4.2
  74   26   41  9.512
  72   22   41  5.772
  72   26   41  4.68
  76   23   41  9.032
  75   23   41  8.546
  71   26   41  6.985
  79   25   41  7.828
  73   26   41  5.572
  73   25   41  7.262
  78   25   41  6.683
  77   25   41  9.167
  73   23   41  7.131
  71   25   41  6.259
  76   25   41  7.685
  75   25   41  10.05
  70   27   41  4.137
  72   23   41  4.13
  74   25   41  7.647
  72   25   41  6.826
  77   22   41  6.522
  76   22   41  6.309
  75   22   41  5.314
  79   24   41  5.808
  78   24   41  6.514
  73   27   41  6.353
  73   28   41  6.219
  77   24   41  9.248
  76   24   41  9.625
  74   22   41  7.497
  77   21   41  5.934
  74   23   41  7.949
  75   24   41  8.172
  78   27   41  4.688
  74   24   41  9.193
  73   22   41  6.201
  77   27   41  7.69
  76   27   41  6.006
  73   30   41  4.618
  77   29   41  5.097
  76   29   41  5.212
  73   29   41  4.731
  72   29   41  4.344
  77   28   41  6.874
  76   28   41  6.014
  75   28   41  5.018
  74   28   41  7.801
  72   28   41  5.305
  75   27   41  7.68
  74   27   41  6.973
  79   26   41  4.681
  78   26   41  5.857
  76   20   41  4.161
  72   24   41  4.608
  77   26   41  5.896
  74   28   42  8.111
  72   24   42  6.502
  81   24   42  4.44
  74   21   42  4.97
  73   22   42  6.413
  73   23   42  8.31
  74   29   42  5.157
  76   31   42  4.416
  72   25   42  7.447
  76   30   42  4.783
  74   23   42  9.018
  76   29   42  5.143
  73   24   42  6.985
  72   26   42  7.603
  75   29   42  4.591
  73   29   42  4.367
  73   25   42  8.392
  72   27   42  4.353
  79   28   42  5.101
  78   28   42  5.16
  73   26   42  9.656
  77   28   42  6.133
  73   27   42  7.304
  76   28   42  6.51
  73   28   42  6.194
  75   28   42  7.687
  70   24   42  4.493
  71   22   42  4.938
  71   23   42  5.912
  72   23   42  6.565
  75   21   42  6.221
  74   22   42  7.902
  75   22   42  6.19
  76   22   42  5.71
  77   21   42  4.411
  78   21   42  4.107
  77   22   42  5.761
  79   22   42  4.145
  75   23   42  7.699
  76   23   42  7.729
  77   23   42  6.368
  78   23   42  6.515
  79   23   42  5.817
  71   24   42  7.588
  74   24   42  9.493
  75   24   42  9.659
  76   24   42  8.478
  77   24   42  7.963
  78   24   42  6.771
  79   24   42  5.362
  71   25   42  4.172
  74   25   42  8.437
  75   25   42  10.2
  76   25   42  9.069
  77   25   42  8.888
  78   25   42  6.942
  79   25   42  6.687
  71   26   42  5.081
  74   26   42  9.208
  75   26   42  7.436
  76   26   42  10.34
  77   26   42  7.957
  78   26   42  8.408
  79   26   42  5.831
  71   27   42  4.17
  74   27   42  8.981
  75   27   42  9.447
  76   27   42  7.208
  77   27   42  7.063
  78   27   42  5.971
  81   25   42  4.15
  74   26   43  7.323
  73   28   43  5.124
  73   27   43  5.838
  73   26   43  8.609
  73   25   43  8.207
  72   27   43  5.882
  73   24   43  6.365
  72   26   43  6.448
  74   23   43  7.878
  72   25   43  8.246
  72   22   43  4.498
  76   29   43  5.288
  75   29   43  4.897
  73   22   43  8.004
  72   24   43  6.348
  78   28   43  5.068
  77   28   43  5.32
  72   23   43  5.924
  76   28   43  6.591
  71   24   43  5.451
  75   28   43  5.615
  74   28   43  5.453
  71   25   43  7.652
  71   26   43  4.833
  71   27   43  4.275
  71   28   43  4.101
  77   27   43  7.433
  76   27   43  9.046
  75   27   43  8.066
  73   29   43  5.784
  74   27   43  8.512
  78   26   43  5.51
  77   26   43  7.853
  76   26   43  8.342
  75   26   43  9.774
  70   25   43  4.346
  74   22   43  6.538
  75   20   43  5.019
  75   21   43  4.207
  76   21   43  5.941
  77   21   43  4.146
  75   22   43  8.348
  76   22   43  7.626
  77   22   43  4.188
  78   22   43  4.12
  79   22   43  4.355
  75   23   43  8.111
  76   23   43  7.444
  77   23   43  6.941
  78   23   43  5.725
  79   23   43  5.437
  74   24   43  8.559
  75   24   43  8.565
  76   24   43  9.59
  77   24   43  10.5
  78   24   43  7.077
  79   24   43  4.468
  80   24   43  5.481
  74   25   43  10.49
  75   25   43  10.21
  76   25   43  11.77
  77   25   43  8.192
  78   25   43  6.428
  79   25   43  5.028
  70   26   43  4.287
  73   23   43  6.572
  73   23   44  6.135
  76   29   44  4.824
  72   25   44  8.073
  72   27   44  5.066
  73   28   44  4.508
  72   26   44  5.179
  72   22   44  5.078
  72   24   44  5.921
  73   24   44  6.657
  71   27   44  4.963
  73   27   44  6.231
  73   25   44  7.341
  72   23   44  5.471
  73   22   44  5.835
  73   26   44  6.137
  74   23   44  6.037
  75   21   44  4.789
  72   28   44  4.316
  75   22   44  6.612
  73   21   44  4.488
  76   22   44  4.704
  77   22   44  4.841
  78   22   44  4.766
  79   22   44  4.336
  76   23   44  6.696
  74   21   44  4.388
  77   23   44  4.867
  78   23   44  4.873
  76   20   44  5.759
  79   23   44  4.799
  74   22   44  6.948
  75   24   44  7.506
  75   23   44  7.051
  77   24   44  8.686
  74   24   44  7.556
  78   24   44  5.296
  76   24   44  8.56
  79   24   44  4.391
  75   25   44  7.517
  74   25   44  8.685
  77   25   44  8.395
  76   25   44  8.324
  80   25   44  4.177
  78   25   44  5.393
  75   26   44  9.537
  79   25   44  5.328
  77   26   44  4.227
  74   26   44  9.375
  79   26   44  5.428
  76   26   44  9.902
  80   26   44  4.227
  78   26   44  5.18
  74   27   44  6.87
  75   27   44  6.747
  76   27   44  6.461
  77   27   44  6.079
  75   28   44  5.751
  74   28   44  4.956
  77   28   44  5.085
  76   28   44  6.04
  74   29   44  5.062
  75   29   44  6.41
  77   29   44  4.522
  72   28   45  5.174
  72   25   45  6.151
  77   28   45  5.514
  74   23   45  5.813
  76   27   45  5.921
  74   27   45  4.762
  77   26   45  6.252
  72   26   45  4.167
  75   26   45  7.365
  76   25   45  4.55
  73   24   45  5.978
  74   25   45  5.204
  75   21   45  4.596
  75   22   45  4.327
  76   23   45  4.405
  78   23   45  5.326
  79   23   45  4.704
  75   24   45  6.562
  77   24   45  5.063
  78   24   45  4.269
  75   25   45  6.54
  77   25   45  4.928
  76   24   45  7.628
  78   25   45  4.297
  79   25   45  4.866
  74   26   45  5.153
  76   26   45  4.668
  78   26   45  4.625
  75   27   45  6.243
  77   27   45  7.124
  74   28   45  4.504
  76   28   45  4.992
  77   29   45  4.431
  72   27   45  4.199
  73   28   45  5.698
  74   24   45  5.977
  75   23   45  7.948
  73   25   45  6.153
  73   27   45  5.145
  74   22   45  5.886
  74   21   45  4.12
  72   24   45  5.668
  72   25   46  5.019
  73   25   46  4.288
  75   28   46  5.3
  74   22   46  5.076
  74   28   46  4.938
  73   27   46  4.676
  75   27   46  4.364
  76   24   46  4.108
  76   23   46  4.501
  75   24   46  6.367
  74   25   46  5.271
  76   26   46  5.744
  75   26   46  4.559
  74   26   46  4.365
  73   26   46  4.407
  77   25   46  5.393
  76   25   46  5.193
  75   25   46  5.639
  74   29   46  4.615
  73   26   47  4.635
  77   25   47  4.574
  75   25   47  4.75
  74   26   47  4.461
---
Detection #3
  52   50   58  4.168
  48   49   59  5.538
  49   49   59  4.173
  50   48   59  5.234
  52   50   59  4.139
  47   48   60  4.373
  46   51   60  4.363
  48   48   60  4.255
  49   47   60  4.455
  49   48   60  4.116
  50   48   60  4.657
  51   48   60  4.417
  47   49   60  4.456
  49   49   60  4.867
  48   49   60  4.095
  50   49   60  5.019
  51   49   60  5.297
  52   49   60  4.357
  47   50   60  5.053
  49   50   60  5.892
  50   50   60  6.519
  47   51   60  4.171
  49   51   60  4.104
  50   51   60  4.728
  51   51   60  4.281
  52   51   60  4.755
  48   50   60  5.129
  48   52   60  4.203
  50   52   60  4.713
  53   52   60  4.877
  54   52   60  4.271
  50   53   60  4.984
  45   50   60  4.977
  52   51   61  6.132
  48   54   61  4.42
  50   50   61  7.76
  51   52   61  7.169
  53   49   61  5.034
  52   50   61  5.248
  52   53   61  5.032
  48   49   61  4.284
  49   51   61  6.671
  48   53   61  4.286
  47   51   61  6.48
  51   53   61  4.426
  49   49   61  6.722
  47   48   61  6.065
  46   52   61  4.362
  47   50   61  6.58
  49   48   61  6.377
  49   46   61  4.367
  48   50   61  5.372
  51   50   61  7.454
  50   49   61  5.212
  50   51   61  7.457
  53   50   61  4.849
  50   48   61  7.484
  52   52   61  7.143
  52   46   61  4.363
  51   49   61  6.426
  49   50   61  6.125
  51   48   61  5.252
  48   51   61  5.273
  46   49   61  4.95
  50   53   61  5.933
  51   51   61  6.659
  50   52   61  4.617
  52   48   61  4.188
  50   47   61  4.134
  49   53   61  4.85
  53   51   61  4.785
  47   52   61  5.903
  48   46   61  4.956
  45   52   61  4.207
  52   49   61  5.407
  54   51   61  4.181
  53   52   61  5.496
  51   47   61  4.264
  49   52   61  6.42
  53   48   61  5.275
  46   49   62  4.154
  51   54   62  5.936
  52   54   62  4.383
  48   48   62  5.416
  46   52   62  4.23
  48   49   62  8.08
  46   48   62  5.609
  47   47   62  5.862
  49   45   62  5.761
  49   46   62  4.487
  50   46   62  4.602
  46   50   62  4.488
  51   46   62  5.409
  52   46   62  4.906
  48   50   62  6.663
  49   47   62  6.375
  50   47   62  4.983
  51   47   62  4.191
  52   47   62  4.371
  53   47   62  4.66
  54   46   62  4.321
  55   46   62  4.387
  49   48   62  6.836
  50   48   62  7.693
  48   51   62  6.367
  51   48   62  6.679
  52   48   62  5.466
  53   48   62  7.653
  47   49   62  7.729
  49   49   62  8.115
  50   49   62  9.241
  51   49   62  9.37
  47   52   62  5.298
  52   49   62  7.905
  53   49   62  5.844
  47   50   62  5.569
  49   50   62  9.658
  50   50   62  9.467
  49   52   62  6.217
  51   50   62  9.921
  52   50   62  6.8
  53   50   62  7.5
  47   51   62  4.662
  49   51   62  7.069
  50   51   62  7.706
  51   51   62  8.462
  48   53   62  4.834
  52   51   62  6.849
  54   51   62  4.476
  55   50   62  4.492
  48   52   62  6.232
  50   52   62  6.993
  51   52   62  7.052
  52   52   62  5.717
  53   52   62  4.544
  54   52   62  5.636
  49   54   62  4.624
  50   53   62  6.117
  51   53   62  5.621
  52   53   62  4.702
  48   54   62  5.231
  54   48   63  5.823
  52   51   63  6.901
  51   51   63  8.822
  48   49   63  8.289
  50   51   63  8.436
  53   51   63  5.205
  49   51   63  10.06
  47   51   63  6.219
  46   50   63  4.309
  54   50   63  4.681
  48   50   63  9.584
  53   50   63  6.115
  54   51   63  4.115
  52   50   63  9.02
  48   48   63  8.399
  51   50   63  8.74
  46   51   63  5.788
  48   52   63  6.338
  50   50   63  7.397
  48   51   63  7.673
  49   50   63  9.333
  50   52   63  7.687
  47   50   63  5.845
  54   49   63  4.496
  45   52   63  4.976
  53   49   63  5.352
  47   52   63  6.037
  52   49   63  8.694
  51   52   63  7.793
  51   49   63  10.36
  50   49   63  8.318
  49   52   63  8.603
  52   52   63  7.908
  49   49   63  10.24
  47   49   63  7.049
  53   48   63  6.272
  52   48   63  6.512
  53   52   63  4.642
  48   53   63  6.936
  49   53   63  6.45
  51   48   63  7.721
  50   48   63  9.94
  49   48   63  8.678
  47   53   63  5.034
  45   50   63  4.618
  47   54   63  4.967
  47   48   63  4.49
  49   54   63  4.524
  53   47   63  4.358
  52   47   63  5.732
  51   47   63  7.265
  55   48   63  4.586
  49   55   63  4.711
  50   47   63  5.996
  49   47   63  7.317
  48   47   63  6.781
  52   46   63  6.328
  50   53   63  7.417
  50   46   63  6.366
  49   46   63  4.524
  51   53   63  8.787
  52   53   63  6.455
  53   53   63  4.408
  48   54   63  4.333
  50   54   63  6.347
  51   54   63  6.251
  52   54   63  4.96
  45   48   63  4.137
  45   49   63  4.113
  46   49   63  4.106
  46   49   64  5.596
  49   48   64  10.46
  50   48   64  7.404
  51   48   64  7.459
  52   48   64  9.304
  53   48   64  7.267
  47   49   64  7.546
  49   49   64  7.933
  50   49   64  10.12
  51   49   64  10.43
  52   49   64  9.456
  53   49   64  6.023
  54   49   64  6.075
  47   50   64  5.465
  49   50   64  10.15
  50   50   64  10.21
  51   50   64  8.866
  52   50   64  7.811
  53   50   64  8.534
  54   50   64  4.822
  47   51   64  6.386
  49   51   64  8.482
  50   51   64  9.105
  51   51   64  9.414
  52   51   64  8.681
  53   51   64  5.717
  54   51   64  6.601
  48   52   64  6.555
  50   52   64  6.832
  51   52   64  8.609
  52   52   64  5.917
  53   52   64  6.588
  54   52   64  4.309
  47   53   64  4.505
  50   53   64  6.471
  51   53   64  5.652
  52   53   64  5.099
  53   53   64  6.628
  48   54   64  4.218
  50   54   64  5.598
  52   54   64  5.686
  53   54   64  4.692
  50   55   64  5.815
  46   51   64  5.672
  45   52   64  4.854
  48   48   64  7.27
  46   50   64  4.516
  50   46   64  4.375
  48   51   64  9.029
  50   45   64  4.284
  49   53   64  7.042
  49   46   64  5.001
  49   54   64  4.507
  48   46   64  5.105
  48   49   64  8.072
  47   46   64  5.956
  47   54   64  4.463
  46   48   64  4.738
  49   52   64  9.874
  46   53   64  4.572
  47   48   64  6.619
  53   47   64  4.563
  53   46   64  5.089
  52   47   64  6.064
  51   47   64  7.146
  45   51   64  4.415
  50   47   64  6.679
  49   47   64  6.468
  47   52   64  5.37
  48   47   64  4.369
  48   50   64  8.639
  47   47   64  6.014
  49   55   64  4.276
  51   46   64  6.16
  46   48   65  5.695
  51   51   65  9.128
  52   51   65  7.588
  50   51   65  10.55
  48   49   65  8.262
  49   51   65  10
  54   53   65  5.191
  53   51   65  4.845
  47   51   65  6.168
  53   50   65  5.999
  48   50   65  7.617
  52   50   65  7.625
  46   52   65  4.863
  55   50   65  4.343
  54   51   65  4.595
  51   50   65  9.814
  46   51   65  5.329
  50   50   65  9.281
  48   52   65  6.623
  49   50   65  9.75
  48   51   65  7.469
  47   50   65  7.125
  55   49   65  4.143
  50   52   65  10.73
  53   49   65  5.097
  52   49   65  7.732
  47   52   65  5.157
  51   52   65  7.656
  51   49   65  10.33
  52   45   65  4.12
  50   49   65  8.64
  49   52   65  8.155
  49   49   65  7.781
  52   52   65  6.414
  47   49   65  7.912
  45   49   65  4.246
  53   48   65  5.719
  52   48   65  7.058
  46   53   65  4.712
  51   48   65  6.744
  49   53   65  7.27
  53   52   65  5.014
  50   48   65  9.318
  48   48   65  8.584
  54   52   65  5.347
  49   48   65  6.426
  48   55   65  4.1
  50   54   65  5.477
  53   53   65  6.178
  52   53   65  4.847
  51   53   65  6.543
  50   53   65  6.331
  48   45   65  5.035
  47   46   65  4.427
  48   46   65  4.538
  49   46   65  5.931
  50   46   65  4.792
  51   46   65  4.575
  47   47   65  5.376
  48   47   65  4.996
  49   47   65  5.577
  48   53   65  5.053
  50   47   65  7.72
  47   53   65  5.352
  51   47   65  7.499
  47   48   65  5.715
  52   47   65  7.012
  49   54   65  5.236
  53   47   65  4.765
  46   49   65  5.178
  46   48   66  4.961
  49   54   66  4.777
  50   55   66  4.117
  52   54   66  4.35
  50   54   66  4.659
  49   53   66  7.109
  52   53   66  4.152
  50   53   66  7.175
  48   53   66  5.966
  47   53   66  4.61
  53   52   66  4.682
  51   52   66  8.705
  50   52   66  8.608
  48   52   66  7.763
  54   51   66  5.234
  53   51   66  5.442
  49   52   66  6.788
  52   51   66  4.66
  51   51   66  8.022
  50   51   66  10.93
  49   51   66  7.266
  47   51   66  6.77
  53   50   66  4.96
  47   52   66  6.51
  52   50   66  7.641
  51   50   66  8.514
  50   50   66  9.498
  49   50   66  9.907
  47   50   66  6.086
  53   49   66  6.961
  48   51   66  8.011
  52   49   66  7.111
  51   49   66  7.01
  50   49   66  8.162
  49   49   66  5.992
  47   49   66  7.2
  53   48   66  6.02
  52   48   66  6.926
  51   48   66  6.36
  50   48   66  8.146
  49   48   66  6.008
  48   50   66  8.476
  47   48   66  5.651
  53   47   66  4.731
  52   47   66  6.019
  51   47   66  7.319
  50   47   66  4.826
  50   46   66  5.361
  48   49   66  5.318
  49   47   66  4.996
  48   47   66  4.881
  48   46   66  5.222
  48   45   66  4.642
  48   48   66  6.239
  46   49   66  5.926
  47   45   66  4.657
  47   47   66  5.493
  48   48   67  5.074
  51   51   67  7.61
  52   51   67  4.667
  50   51   67  4.447
  49   51   67  6.778
  53   51   67  6.077
  47   51   67  6.009
  53   50   67  6.725
  52   50   67  5.304
  51   50   67  7.537
  48   49   67  5.504
  50   50   67  9.474
  48   52   67  5.21
  48   50   67  6.706
  49   50   67  7.056
  47   50   67  6.018
  50   52   67  7.092
  53   49   67  4.273
  52   49   67  4.603
  49   46   67  4.572
  51   52   67  5.115
  51   49   67  5.721
  50   49   67  7.931
  49   49   67  6.468
  52   52   67  5.125
  47   49   67  4.106
  52   48   67  4.236
  51   48   67  4.621
  50   48   67  5.718
  49   48   67  4.637
  47   48   67  5.157
  47   53   67  4.904
  50   47   67  4.866
  49   47   67  6.238
  48   47   67  5.169
  50   46   67  5.425
  50   53   67  4.345
  54   49   67  5.272
  50   54   67  6.467
  49   54   67  4.731
  51   53   67  4.969
  54   52   67  4.387
  49   53   67  5.89
  49   52   67  6.2
  47   52   67  4.621
  48   51   67  5.586
  49   53   68  4.392
  48   50   68  6.381
  52   53   68  4.853
  51   53   68  4.686
  52   52   68  4.575
  51   52   68  5.843
  50   52   68  4.914
  53   51   68  5.194
  51   51   68  5.079
  50   51   68  5.454
  49   51   68  5.647
  47   51   68  4.132
  52   50   68  5.486
  51   50   68  5.59
  50   50   68  5.847
  49   50   68  5.238
  53   49   68  4.243
  52   48   68  6.431
  51   49   68  5.827
  50   49   68  4.251
  49   49   68  4.876
  49   48   68  4.534
  49   47   68  4.787
  47   50   68  4.111
  48   49   68  5.745
  50   50   69  4.283
  52   49   69  4.765
  51   49   69  5.084
  49   50   69  6.452
---
Detection #4
  24   75   81  5.191
  24   74   82  4.544
  23   77   82  5.943
  24   75   82  6.048
  26   76   82  6.212
  24   76   82  4.27
  26   75   82  6.869
  27   74   82  5.673
  26   77   82  5.176
  27   75   82  4.283
  25   76   82  5.298
  26   74   82  4.718
  25   72   82  4.369
  22   73   82  4.387
  25   74   82  5.537
  25   73   82  4.337
  27   76   82  4.482
  23   74   82  5.071
  23   77   83  5.471
  25   74   83  5.668
  23   74   83  6.164
  26   74   83  7.245
  27   74   83  5.175
  22   75   83  5.142
  30   77   83  4.19
  29   76   83  4.936
  26   71   83  5.499
  21   76   83  5.228
  23   75   83  4.895
  24   71   83  4.643
  28   73   83  4.106
  24   75   83  4.954
  25   75   83  7.076
  27   73   83  5.211
  26   78   83  4.528
  26   75   83  7.079
  27   75   83  6.862
  25   78   83  5.811
  22   76   83  6.322
  24   78   83  6.857
  23   76   83  7.04
  23   78   83  4.208
  25   72   83  6.348
  25   73   83  7.474
  24   76   83  5.559
  25   76   83  5.903
  24   73   83  5.553
  27   77   83  5.321
  26   72   83  4.393
  26   76   83  5.499
  27   76   83  5.943
  26   77   83  5.868
  23   73   83  4.576
  25   77   83  6.15
  28   76   83  6.64
  30   76   83  4.341
  24   77   83  4.915
  22   77   83  4.605
  24   74   83  6.553
  24   71   84  4.933
  22   77   84  5.445
  30   76   84  4.578
  23   77   84  5.874
  28   76   84  5.97
  27   72   84  4.896
  24   77   84  7.315
  23   73   84  6.969
  27   76   84  8.77
  25   77   84  6.777
  26   76   84  6.839
  26   77   84  7.612
  26   72   84  5.749
  24   73   84  6.754
  25   76   84  7.552
  27   77   84  5.935
  24   76   84  6.554
  28   77   84  5.485
  22   78   84  4.559
  25   73   84  8.011
  23   76   84  6.565
  25   72   84  6.859
  22   76   84  6.981
  23   78   84  5.94
  26   73   84  5.489
  29   75   84  5.733
  28   75   84  6.107
  27   75   84  7.034
  24   78   84  6.709
  26   75   84  8.662
  24   72   84  6.992
  25   78   84  4.096
  27   73   84  6.384
  25   75   84  7.3
  26   78   84  6.484
  24   75   84  6.939
  27   78   84  5.69
  23   72   84  4.694
  28   73   84  4.153
  28   78   84  5.916
  23   75   84  6.707
  24   79   84  4.935
  29   73   84  5.316
  22   75   84  7.685
  25   79   84  4.995
  28   74   84  4.713
  27   74   84  6.961
  21   74   84  5.115
  20   76   84  4.184
  26   74   84  7.929
  22   74   84  4.247
  21   77   84  4.245
  25   74   84  7.145
  25   71   84  4.174
  23   74   84  7.293
  21   78   84  4.352
  24   74   84  6.394
  21   79   84  4.259
  26   79   84  4.642
  23   79   84  5.67
  23   71   85  6.565
  23   76   85  9.343
  24   75   85  9.653
  29   76   85  4.846
  24   74   85  7.73
  29   78   85  4.49
  25   71   85  4.38
  26   77   85  8.185
  28   79   85  4.911
  25   73   85  7.735
  26   80   85  4.411
  23   74   85  8.611
  25   74   85  9.33
  25   75   85  8.949
  24   76   85  8.067
  27   79   85  7.249
  24   78   85  6.107
  27   78   85  4.498
  26   72   85  7.349
  22   77   85  4.744
  27   73   85  8.359
  22   74   85  4.42
  26   74   85  9.688
  24   71   85  4.452
  26   75   85  8.508
  27   77   85  7.595
  23   72   85  6.024
  25   76   85  10.4
  21   73   85  4.681
  28   78   85  5.54
  21   74   85  4.219
  27   74   85  8.07
  25   70   85  4.562
  23   77   85  6.23
  28   72   85  5.185
  24   73   85  8.071
  27   75   85  5.871
  24   72   85  5.561
  28   74   85  6.346
  25   78   85  7.156
  26   76   85  7.744
  28   77   85  6.271
  29   71   85  4.201
  27   72   85  5.925
  29   74   85  5.506
  28   75   85  7.19
  24   77   85  7.477
  24   79   85  5.905
  21   75   85  4.36
  22   72   85  4.399
  25   79   85  6.165
  29   75   85  5.21
  27   76   85  8.365
  29   77   85  5.635
  27   71   85  4.249
  22   75   85  8.062
  22   73   85  4.958
  25   77   85  7.957
  30   73   85  4.743
  26   73   85  7.736
  23   73   85  7.904
  29   73   85  5.712
  22   76   85  5.219
  23   75   85  7.517
  22   78   85  4.939
  28   76   85  6.546
  25   72   85  6.018
  26   78   85  7.072
  23   78   85  5.444
  28   73   85  5.052
  26   71   85  5.274
  21   72   86  4.994
  26   75   86  10.45
  24   74   86  7.707
  23   78   86  6.006
  26   76   86  9.671
  26   79   86  5.178
  25   77   86  9.674
  23   74   86  9.206
  25   74   86  9.813
  27   71   86  4.8
  24   71   86  6.432
  24   70   86  5.365
  23   71   86  5.767
  23   73   86  5.745
  27   75   86  7.53
  22   74   86  7.82
  26   74   86  7.58
  27   76   86  7.51
  25   80   86  5.106
  23   72   86  5.089
  24   78   86  7.441
  26   72   86  7.895
  21   74   86  5.755
  27   74   86  6.734
  28   75   86  7.095
  26   77   86  8.486
  28   76   86  6.604
  26   73   86  7.558
  29   75   86  5.561
  28   74   86  7.123
  27   78   86  5.573
  28   78   86  4.453
  26   71   86  5.824
  29   76   86  5.812
  29   74   86  6.479
  23   79   86  4.373
  28   71   86  5.211
  21   75   86  4.172
  22   76   86  5.439
  27   77   86  6.815
  24   72   86  6.094
  30   76   86  4.411
  29   73   86  5.446
  22   75   86  6.551
  25   78   86  7.571
  22   72   86  4.538
  23   76   86  7.509
  21   73   86  4.52
  22   77   86  4.317
  23   75   86  10.19
  30   75   86  4.485
  25   73   86  8.25
  25   79   86  4.425
  24   76   86  9.081
  28   77   86  6.469
  27   79   86  4.769
  24   75   86  8.949
  23   77   86  7.243
  27   70   86  4.544
  25   71   86  4.326
  29   77   86  5.126
  24   73   86  9.724
  25   76   86  9.744
  25   75   86  10.02
  27   72   86  6.936
  24   77   86  7.086
  20   72   86  4.922
  25   72   86  7.046
  27   73   86  9.709
  26   78   86  8.077
  22   78   87  5.359
  24   71   87  4.277
  26   71   87  4.858
  23   74   87  7.123
  25   74   87  9.687
  27   71   87  5.815
  27   79   87  6.538
  26   79   87  5.008
  22   74   87  4.832
  26   74   87  9.744
  25   79   87  5.651
  28   78   87  5.316
  26   78   87  6.955
  21   74   87  5.472
  27   74   87  8.444
  23   72   87  6.222
  25   78   87  7.363
  24   78   87  7.073
  24   72   87  4.646
  28   74   87  4.769
  23   78   87  6.909
  29   77   87  4.309
  28   77   87  7.019
  29   74   87  5.4
  25   72   87  5.544
  21   75   87  6.096
  27   77   87  7.809
  26   77   87  7.832
  29   73   87  4.696
  22   75   87  6.599
  26   72   87  6.256
  25   77   87  6.424
  20   76   87  4.394
  24   77   87  7.87
  23   75   87  9.244
  23   77   87  9.785
  27   72   87  5.725
  28   73   87  5.625
  22   77   87  7.19
  21   73   87  5.365
  24   75   87  9.022
  30   76   87  4.426
  22   73   87  5.071
  29   76   87  5.023
  28   76   87  7.821
  27   73   87  6.432
  25   75   87  8.49
  20   74   87  4.13
  27   76   87  7.491
  23   73   87  6.293
  26   76   87  9.457
  26   75   87  10.14
  25   70   87  4.691
  28   72   87  4.163
  25   76   87  9.33
  28   79   87  4.425
  24   79   87  5.933
  24   73   87  8.523
  21   76   87  5.893
  27   75   87  6.675
  24   76   87  7.957
  23   76   87  10.18
  22   79   87  4.319
  26   73   87  8.751
  28   75   87  8.213
  25   73   87  6.941
  29   75   87  4.843
  22   76   87  7.847
  24   74   87  9.189
  23   74   88  7.464
  22   75   88  5.478
  26   77   88  7.023
  23   72   88  6.279
  22   76   88  5.101
  25   72   88  5.615
  25   73   88  5.507
  29   75   88  4.763
  28   75   88  5.09
  23   76   88  7.275
  26   74   88  9.169
  27   77   88  5.288
  27   74   88  6.568
  24   76   88  7.198
  21   75   88  4.769
  27   75   88  6.841
  24   73   88  6.796
  26   73   88  5.608
  29   74   88  4.438
  25   76   88  6.708
  28   77   88  5.082
  21   77   88  4.387
  26   78   88  6.737
  30   75   88  4.503
  26   75   88  10.15
  26   76   88  8.769
  26   79   88  4.944
  23   73   88  4.983
  20   73   88  4.531
  21   72   88  4.308
  27   76   88  4.104
  23   79   88  4.558
  23   78   88  6.404
  22   73   88  5.276
  25   75   88  8.405
  28   76   88  6.002
  24   74   88  8.275
  27   73   88  5.071
  29   76   88  4.241
  22   71   88  4.962
  21   73   88  4.745
  24   72   88  5.867
  24   75   88  7.342
  28   74   88  5.387
  22   77   88  6.04
  27   72   88  4.377
  23   71   88  4.291
  29   73   88  4.954
  23   77   88  5.668
  24   78   88  6.599
  23   75   88  7.19
  24   77   88  5.834
  25   79   88  4.173
  28   73   88  5.699
  27   78   88  6.166
  25   71   88  6.658
  25   77   88  6.814
  25   78   88  7.019
  26   72   88  4.384
  25   74   88  8.735
  21   76   89  4.385
  29   75   89  4.859
  22   76   89  4.845
  23   76   89  5.285
  24   73   89  5.098
  27   75   89  5.807
  24   76   89  6.189
  26   73   89  8.05
  25   76   89  7.007
  26   75   89  5.221
  23   73   89  5.46
  26   76   89  7.064
  27   76   89  6.071
  25   75   89  7.443
  28   76   89  5.558
  24   75   89  5.939
  27   73   89  5.023
  23   75   89  6.739
  23   77   89  4.307
  24   77   89  5.333
  26   72   89  5.738
  25   77   89  5.789
  22   75   89  4.465
  26   77   89  5.303
  21   75   89  5.092
  27   77   89  6.335
  28   77   89  4.109
  24   72   89  5.107
  28   74   89  4.428
  23   78   89  5.663
  24   78   89  5.171
  25   78   89  4.201
  27   74   89  5.23
  26   78   89  4.402
  26   74   89  5.574
  25   79   89  4.443
  26   79   89  4.108
  24   79   89  5.216
  25   74   89  6.972
  24   74   89  5.967
  23   74   89  4.337
  25   73   89  6.81
  23   74   90  4.694
  26   78   90  4.625
  25   78   90  5.401
  24   78   90  5.081
  27   77   90  4.441
  26   77   90  4.193
  25   77   90  5.112
  26   72   90  4.106
  27   76   90  5.937
  23   73   90  4.674
  25   76   90  4.853
  24   76   90  5.337
  21   76   90  4.747
  27   75   90  6.12
  26   73   90  4.787
  26   74   90  4.868
  26   75   90  5.66
  25   74   90  5.368
  25   75   90  6.913
  24   75   90  5.382
  27   73   90  4.607
  22   75   90  4.128
  28   74   90  5.073
  27   74   90  5.176
  26   75   91  5.318
  25   73   91  4.144
  22   76   91  4.585
  23   77   91  4.213
  25   74   91  4.312
  26   73   91  4.163
---
Detection #5
  77   75  103  4.646
  73   75  103  5.704
  73   73  103  4.793
  73   74  103  5.483
  76   77  104  4.451
  75   75  104  5.308
  76   75  104  4.433
  74   75  104  4.848
  74   73  104  4.256
  77   75  104  4.54
  73   73  104  4.961
  77   73  104  5.827
  73   76  104  5.155
  75   76  104  5.582
  77   76  104  5.502
  72   73  104  4.782
  71   72  104  4.529
  77   74  104  6.196
  74   77  104  5.918
  75   74  104  4.897
  75   77  104  4.261
  74   74  104  5.249
  72   74  105  6.726
  76   74  105  6.281
  74   75  105  6.473
  77   74  105  5.882
  70   76  105  5.338
  74   74  105  6.591
  76   71  105  4.927
  78   77  105  4.414
  71   73  105  5.438
  77   77  105  4.966
  73   75  105  5.971
  76   77  105  4.725
  79   75  105  4.532
  75   72  105  4.692
  76   73  105  6.184
  78   75  105  5.696
  75   77  105  7.048
  72   72  105  4.707
  77   73  105  4.948
  74   77  105  7.04
  76   72  105  4.337
  77   75  105  6.196
  74   72  105  4.495
  80   74  105  5.757
  73   77  105  4.383
  74   73  105  5.592
  75   74  105  6.084
  79   76  105  5
  78   76  105  4.499
  72   75  105  5.565
  77   76  105  5.384
  76   75  105  8.222
  73   78  105  5.302
  73   74  105  5.773
  76   76  105  7.903
  75   75  105  5.249
  75   76  105  5.689
  71   77  105  5.502
  75   73  105  5.681
  74   76  105  5.593
  71   74  105  5.169
  78   74  105  5.617
  73   76  105  6.533
  75   79  106  5.519
  76   78  106  4.955
  75   78  106  7.302
  74   78  106  6.657
  78   77  106  5.614
  77   77  106  7.38
  76   77  106  7.914
  72   72  106  4.515
  75   72  106  4.977
  75   77  106  5.309
  74   77  106  6.729
  76   72  106  6.728
  76   79  106  4.196
  73   77  106  5.747
  72   77  106  4.298
  78   76  106  5.595
  77   72  106  6.225
  77   76  106  6.203
  77   71  106  4.416
  78   72  106  4.192
  76   76  106  8.281
  75   76  106  8.187
  74   76  106  8.039
  73   76  106  7.271
  72   73  106  4.432
  76   71  106  4.854
  72   76  106  4.446
  70   76  106  4.793
  79   75  106  7.438
  73   73  106  6.254
  78   75  106  6.813
  77   75  106  5.538
  74   73  106  7.268
  76   75  106  9.014
  75   75  106  9.28
  75   73  106  7.874
  73   79  106  4.196
  74   75  106  7.628
  74   71  106  4.86
  73   75  106  7.46
  76   73  106  6.664
  72   75  106  6.32
  70   75  106  5.571
  78   74  106  7.075
  77   74  106  8.192
  78   71  106  4.243
  77   73  106  6.55
  79   74  106  4.927
  76   74  106  6.483
  75   74  106  7.342
  71   76  106  5.939
  74   74  106  8.06
  78   79  106  5.155
  73   74  106  7.067
  72   74  106  4.569
  71   74  106  4.869
  75   80  106  4.995
  77   78  106  5.099
  74   70  107  6.172
  72   75  107  7.523
  77   78  107  7.462
  77   77  107  6.964
  78   75  107  6.983
  71   74  107  4.634
  72   74  107  5.257
  77   80  107  4.101
  76   73  107  6.313
  76   72  107  7.29
  73   75  107  7.037
  76   76  107  7.865
  74   78  107  6.218
  79   73  107  4.831
  73   74  107  8.572
  74   77  107  7.965
  73   73  107  6.436
  76   79  107  5.167
  75   70  107  4.3
  73   70  107  6.025
  78   72  107  4.382
  74   72  107  6.668
  74   75  107  11.3
  74   74  107  7.711
  78   78  107  4.823
  77   76  107  8.468
  72   76  107  8.971
  78   77  107  6.246
  77   79  107  4.468
  78   73  107  5.558
  75   78  107  7.556
  75   77  107  9.521
  75   74  107  9.408
  75   73  107  8.42
  80   75  107  4.566
  75   75  107  9.624
  72   73  107  5.779
  73   76  107  9.771
  79   78  107  4.1
  76   74  107  8.361
  77   72  107  5.226
  78   76  107  5.079
  72   78  107  4.449
  75   71  107  5.4
  75   72  107  6.52
  76   75  107  8.039
  77   73  107  6.934
  74   79  107  4.67
  77   74  107  8.175
  74   76  107  8.055
  79   76  107  4.222
  75   79  107  4.1
  76   77  107  9.47
  76   78  107  6.979
  72   77  107  5.478
  78   74  107  6.548
  74   73  107  8.062
  74   71  107  4.385
  73   78  107  6.032
  77   75  107  7.279
  70   75  107  4.675
  71   75  107  5.829
  77   71  107  4.598
  75   76  107  9.041
  74   80  107  5.438
  73   77  107  7.598
  73   71  107  4.208
  75   75  108  7.7
  78   80  108  4.212
  71   74  108  5.71
  72   74  108  7.18
  79   77  108  4.591
  80   76  108  5.073
  70   74  108  4.238
  79   72  108  4.747
  79   73  108  5.215
  73   74  108  7.209
  78   71  108  4.864
  78   70  108  4.719
  76   70  108  4.126
  72   71  108  5.276
  70   73  108  4.537
  71   79  108  4.583
  78   73  108  4.235
  74   74  108  8.167
  75   70  108  4.379
  73   71  108  5.729
  74   71  108  5.29
  75   71  108  4.1
  76   71  108  4.261
  77   71  108  4.657
  75   74  108  9.35
  77   79  108  4.165
  76   79  108  4.91
  72   72  108  4.87
  75   79  108  4.557
  78   78  108  4.355
  76   74  108  10.38
  77   78  108  6.154
  76   78  108  7.799
  73   72  108  6.412
  75   78  108  6.444
  77   73  108  6.494
  74   78  108  6.08
  77   74  108  8.75
  73   78  108  5.589
  72   78  108  6.128
  78   77  108  5.798
  77   77  108  8.622
  74   72  108  7.423
  78   74  108  7.235
  76   77  108  10.91
  75   77  108  8.031
  75   72  108  8.533
  71   75  108  6.106
  74   77  108  8.555
  76   72  108  8.375
  73   77  108  8.018
  76   73  108  6.819
  72   75  108  6.905
  79   76  108  6.785
  78   76  108  5.909
  77   72  108  7.33
  77   76  108  7.522
  73   75  108  9.57
  76   76  108  10.79
  78   72  108  4.753
  75   76  108  9.355
  71   73  108  4.393
  74   76  108  9.999
  73   76  108  8.048
  72   73  108  6.605
  72   76  108  8.346
  74   75  108  10.05
  71   76  108  5.267
  73   73  108  7.887
  78   75  108  5.897
  77   75  108  8.7
  74   73  108  9.778
  75   73  108  10.27
  76   75  108  9.666
  74   70  108  4.897
  71   74  109  4.288
  77   72  109  6.202
  73   75  109  8.265
  77   76  109  6.686
  74   79  109  6.876
  73   74  109  7.257
  74   73  109  6.915
  75   75  109  10.72
  76   75  109  8.833
  78   77  109  4.743
  76   74  109  9.235
  78   78  109  4.66
  78   76  109  5.432
  73   79  109  4.774
  72   78  109  5.625
  75   71  109  5.845
  79   76  109  4.254
  77   75  109  7.952
  72   72  109  4.383
  72   77  109  6.277
  77   73  109  6.47
  75   79  109  5.225
  73   73  109  7.197
  76   72  109  7.343
  78   75  109  5.23
  72   75  109  6.736
  73   77  109  5.148
  73   78  109  6.633
  79   75  109  6.332
  76   73  109  6.913
  79   79  109  5.023
  73   80  109  5.352
  74   77  109  8.511
  71   76  109  4.189
  76   80  109  5.212
  74   75  109  7.513
  72   76  109  5.864
  77   74  109  6.95
  72   73  109  6.406
  75   73  109  6.413
  74   78  109  6.401
  73   76  109  8.532
  72   74  109  5.098
  75   72  109  6.414
  71   75  109  6.57
  76   79  109  4.128
  71   73  109  5.557
  75   77  109  7.22
  74   76  109  10.31
  73   72  109  4.364
  74   74  109  7.994
  75   78  109  6.161
  77   79  109  4.29
  78   73  109  6.69
  76   77  109  7.028
  70   75  109  5.495
  75   76  109  10.74
  75   74  109  8.859
  76   78  109  6.497
  74   72  109  6.24
  78   72  109  5.046
  78   74  109  5.812
  79   74  109  4.768
  76   76  109  8.003
  77   77  109  7.062
  71   77  109  4.703
  76   71  109  6.417
  77   78  109  5.683
  75   75  110  7.95
  75   72  110  5.567
  76   73  110  8.212
  74   73  110  7.154
  76   75  110  8.462
  75   77  110  7.868
  73   79  110  4.596
  75   79  110  4.099
  74   72  110  5.717
  78   74  110  4.191
  76   77  110  5.485
  79   77  110  4.285
  77   75  110  7.821
  77   73  110  6.279
  71   74  110  5.53
  73   73  110  5.522
  77   77  110  7.31
  78   75  110  5.197
  75   74  110  8.302
  77   79  110  4.373
  79   75  110  5.467
  72   74  110  5.658
  70   77  110  6.171
  74   75  110  7.335
  72   73  110  5.811
  72   76  110  7.317
  75   73  110  7.845
  73   76  110  8.125
  78   77  110  6.229
  76   71  110  6.548
  71   73  110  4.565
  71   78  110  4.807
  74   76  110  8.582
  72   78  110  4.242
  75   71  110  4.666
  70   74  110  4.369
  77   74  110  6.173
  78   72  110  6.653
  73   78  110  4.259
  75   76  110  9.164
  72   71  110  4.847
  73   72  110  5.629
  74   78  110  5.943
  73   75  110  7.425
  76   76  110  7.29
  75   70  110  4.314
  74   74  110  8.666
  77   72  110  5.508
  77   76  110  7.253
  75   78  110  5.563
  78   73  110  6.052
  77   70  110  4.202
  77   71  110  4.854
  78   76  110  4.302
  76   78  110  5.285
  72   75  110  7.281
  72   72  110  5.948
  72   77  110  7.468
  76   72  110  6.664
  73   77  110  6.081
  76   74  110  7.901
  71   75  110  4.741
  74   77  110  5.552
  77   78  110  4.297
  73   74  110  5.726
  78   77  111  4.237
  76   75  111  6.437
  75   75  111  6.531
  71   74  111  5.231
  71   77  111  4.353
  73   71  111  5.013
  73   73  111  5.626
  71   72  111  4.566
  77   75  111  6.62
  71   76  111  4.163
  72   74  111  4.251
  78   75  111  4.178
  74   75  111  8.411
  73   74  111  4.526
  72   73  111  4.659
  74   74  111  6.56
  77   73  111  5.463
  75   73  111  5.65
  74   76  111  5.138
  76   71  111  5.896
  77   79  111  4.22
  78   72  111  4.402
  75   74  111  6.052
  75   76  111  7.492
  75   79  111  4.709
  73   75  111  7.4
  76   76  111  7.688
  77   78  111  5.36
  77   76  111  8.519
  76   74  111  8.37
  75   78  111  4.326
  72   75  111  6.128
  78   76  111  5.72
  76   72  111  4.845
  75   72  111  6.178
  74   77  111  5.345
  74   78  111  5.194
  75   77  111  4.941
  74   72  111  5.146
  76   77  111  5.021
  73   78  111  5.59
  76   73  111  4.339
  77   77  111  4.116
  72   78  111  4.987
  73   72  111  5.531
  77   74  111  5.541
  74   73  111  4.765
  75   75  112  6.689
  76   73  112  4.771
  72   78  112  5.1
  77   77  112  4.342
  76   77  112  4.337
  77   72  112  4.224
  74   77  112  4.648
  76   74  112  5.134
  75   73  112  4.412
  77   76  112  4.76
  76   76  112  5.017
  75   76  112  5.45
  73   75  112  4.958
  73   77  112  4.505
  74   76  112  5.379
  77   73  112  5.113
  74   74  112  4.253
  76   75  112  5.601
  73   74  112  5.108
  73   76  112  5.498
  72   74  112  4.434
  72   73  112  4.268
  74   75  112  5.394
  77   75  112  4.749
  74   73  112  4.153
  73   73  112  4.514
  72   76  112  4.279
  76   73  113  4.684
  73   76  113  4.354
  74   75  113  4.795
  72   75  113  4.465
  76   75  113  5.068
  73   75  113  4.32
  76   76  114  4.323
  77   77  114  4.143
---
--------------
