New run of the Duchamp sourcefinder: Thu May 17 11:53:14 2007
Executing statement : ./Duchamp -p verification/input3 

---- Parameters ----
Image to be analysed.........................[imageFile]  =  verification/verificationCube.fits
Intermediate Logfile...........................[logFile]  =  verification/log3.txt
Final Results file.............................[outFile]  =  verification/results3.txt
Spectrum file..............................[spectraFile]  =  verification/spectra3.ps
Display a map in a pgplot xwindow?.........[flagXOutput]  =  true
Saving reconstructed cube?.............[flagOutputRecon]  =  false
Saving residuals from reconstruction?..[flagOutputResid]  =  false
------
Trimming Blank Pixels?........................[flagTrim]  =  false
Searching for Negative features?..........[flagNegative]  =  false
Removing Milky Way channels?....................[flagMW]  =  false
Beam Size (pixels)......................................  =  10.1788
Removing baselines before search?.........[flagBaseline]  =  false
Smoothing each spectrum first?..............[flagSmooth]  =  false
Using A Trous reconstruction?...............[flagATrous]  =  true
Number of dimensions in reconstruction........[reconDim]  =  1
Minimum scale in reconstruction...............[scaleMin]  =  1
SNR Threshold within reconstruction...........[snrRecon]  =  3
Filter being used for reconstruction........[filterCode]  =  1 (B3 spline function)
Using FDR analysis?............................[flagFDR]  =  false
SNR Threshold (in sigma)........................[snrCut]  =  3
Minimum # Pixels in a detection.................[minPix]  =  2
Minimum # Channels in a detection..........[minChannels]  =  2
Growing objects after detection?............[flagGrowth]  =  false
Using Adjacent-pixel criterion?...........[flagAdjacent]  =  true
Max. velocity separation for merging....[threshVelocity]  =  7
Method of spectral plotting.............[spectralMethod]  =  peak
Type of object centre used in results......[pixelCentre]  =  centroid
--------------------

--------------------------------------------------------------------------------
 Obj#     X     Y     Z     F_tot    F_peak S/Nmax  X1  X2  Y1  Y2  Z1  Z2  Npix
                        [Jy/beam] [Jy/beam]                                [pix]
--------------------------------------------------------------------------------
    1   7.0  45.0   0.0     3.399     3.399   3.49   7   7  45  45   0   0     1
    2  73.0  61.0   1.0     4.300     4.300   4.41  73  73  61  61   1   1     1
    3  39.0  62.0   2.0     4.051     4.051   4.16  39  39  62  62   2   2     1
    4  11.0   4.0   3.0     3.633     3.633   3.73  11  11   4   4   3   3     1
    5  69.0  32.0   3.0     4.042     4.042   4.15  69  69  32  32   3   3     1
    6  40.0  66.0   4.0     3.748     3.748   3.85  40  40  66  66   4   4     1
    7   1.0  37.0   8.0     3.285     3.285   3.37   1   1  37  37   8   8     1
    8  27.0  43.0   8.0     5.471     5.471   5.62  27  27  43  43   8   8     1
    9  21.0  30.0   9.0     3.779     3.779   3.88  21  21  30  30   9   9     1
   10  88.0  27.0  12.0     4.495     4.495   4.62  88  88  27  27  12  12     1
   11  63.0  78.0  13.0     4.664     4.664   4.79  63  63  78  78  13  13     1
   12  25.0  44.0  14.0     3.483     3.483   3.57  25  25  44  44  14  14     1
   13  48.0  81.0  14.0     3.392     3.392   3.48  48  48  81  81  14  14     1
   14  16.0  63.0  15.0     3.342     3.342   3.43  16  16  63  63  15  15     1
   15   7.0  69.0  15.0     3.775     3.775   3.87   7   7  69  69  15  15     1
   16  85.0  58.0  16.0     3.523     3.523   3.61  85  85  58  58  16  16     1
   17  54.0  74.0  19.0     3.545     3.545   3.64  54  54  74  74  19  19     1
   18  69.0  53.0  21.0     4.410     4.410   4.53  69  69  53  53  21  21     1
   19  31.0  59.0  22.0     3.921     3.921   4.02  31  31  59  59  22  22     1
   20  78.0  73.0  22.0     3.813     3.813   3.91  78  78  73  73  22  22     1
   21  76.0  74.0  23.0     3.298     3.298   3.38  76  76  74  74  23  23     1
   22  78.0   6.0  24.0     3.839     3.839   3.94  78  78   6   6  24  24     1
   23  29.0  11.0  24.0     3.737     3.737   3.84  29  29  11  11  24  24     1
   24  78.0  23.0  24.0     4.882     4.882   5.01  78  78  23  23  24  24     1
   25  35.0  42.0  24.0     3.248     3.248   3.33  35  35  42  42  24  24     1
   26  23.0  46.0  25.0     3.773     3.773   3.87  23  23  46  46  25  25     1
   27  88.0  55.0  25.0     3.784     3.784   3.88  88  88  55  55  25  25     1
   28  25.0  25.0  20.0  3382.712    11.489  11.82  20  30  20  30  14  26   640
   29  11.0  46.0  26.0     4.766     4.766   4.89  11  11  46  46  26  26     1
   30  29.0  92.0  26.0     3.611     3.611   3.71  29  29  92  92  26  26     1
   31  38.0  48.0  28.0     3.347     3.347   3.43  38  38  48  48  28  28     1
   32  37.0  73.0  35.0     3.825     3.825   3.93  37  37  73  73  35  35     1
   33  34.0   6.0  36.0     4.215     4.215   4.33  34  34   6   6  36  36     1
   34  93.0  99.0  36.0     3.290     3.290   3.37  93  93  99  99  36  36     1
   35  13.0  22.0  38.0     3.480     3.480   3.57  13  13  22  22  38  38     1
   36  30.0  26.0  38.0     2.750     2.750   2.82  30  30  26  26  38  38     1
   37  42.0  99.0  39.0     4.139     4.139   4.25  42  42  99  99  39  39     1
   38  63.0  39.0  41.0     4.057     4.057   4.16  63  63  39  39  41  41     1
   39  32.0  54.0  41.0     3.551     3.551   3.64  32  32  54  54  41  41     1
   40  76.0  31.0  42.0     4.416     4.416   4.53  76  76  31  31  42  42     1
   41  99.0  34.0  44.0     3.326     3.326   3.41  99  99  34  34  44  44     1
   42  38.0  39.0  45.0     3.469     3.469   3.56  38  38  39  39  45  45     1
   43  99.0  39.0  46.0     3.823     3.823   3.92  99  99  39  39  46  46     1
   44  56.0  81.0  46.0     4.001     4.001   4.11  56  56  81  81  46  46     1
   45  57.0   4.0  47.0     4.850     4.850   4.98  57  57   4   4  47  47     1
   46  68.0  24.0  48.0     4.692     4.692   4.82  68  68  24  24  48  48     1
   47  75.1  25.0  41.9  3237.171    11.766  12.11  70  79  20  29  36  48   604
   48  62.0   6.0  51.0     3.415     3.415   3.50  62  62   6   6  51  51     1
   49  40.0  10.0  51.0     2.904     2.904   2.98  40  40  10  10  51  51     1
   50  34.0  50.0  51.0     3.704     3.704   3.80  34  34  50  50  51  51     1
   51  57.0  29.0  53.0     3.916     3.916   4.02  57  57  29  29  53  53     1
   52  34.0  16.0  54.0     3.455     3.455   3.54  34  34  16  16  54  54     1
   53  91.0  67.0  57.0     3.414     3.414   3.50  91  91  67  67  57  57     1
   54  84.0  92.0  57.0     4.036     4.036   4.14  84  84  92  92  57  57     1
   55  33.0  72.0  59.0     4.170     4.170   4.28  33  33  72  72  59  59     1
   56   8.0  53.0  60.0     3.801     3.801   3.90   8   8  53  53  60  60     1
   57  18.0  68.0  60.0     5.026     5.026   5.16  18  18  68  68  60  60     1
   58  12.0  76.0  63.0     4.551     4.551   4.67  12  12  76  76  63  63     1
   59  27.0   8.0  64.0     4.042     4.042   4.15  27  27   8   8  64  64     1
   60  56.0   8.0  65.0     3.901     3.901   4.00  56  56   8   8  65  65     1
   61  34.0  25.0  66.0     3.909     3.909   4.01  34  34  25  25  66  66     1
   62  77.0  69.0  66.0     3.816     3.816   3.92  77  77  69  69  66  66     1
   63  66.0   4.0  67.0     3.422     3.422   3.51  66  66   4   4  67  67     1
   64  49.9  50.0  63.7  1247.971    10.731  11.04  45  54  45  55  58  68   237
   65  49.9  50.1  64.7   968.782    10.926  11.24  45  55  45  55  61  69   171
   66  50.0  50.0  63.8  1192.103    10.461  10.76  45  55  45  55  58  70   227
   67  78.0  55.0  72.0     3.496     3.496   3.59  78  78  55  55  72  72     1
   68  51.0  27.0  73.0     2.535     2.535   2.60  51  51  27  27  73  73     1
   69  77.0  38.0  75.0     3.249     3.249   3.33  77  77  38  38  75  75     1
   70   9.0   2.0  79.0     4.002     4.002   4.11   9   9   2   2  79  79     1
   71  91.0  17.0  79.0     3.419     3.419   3.51  91  91  17  17  79  79     1
   72   8.0  59.0  80.0     3.697     3.697   3.79   8   8  59  59  80  80     1
   73   3.0  65.0  80.0     3.749     3.749   3.85   3   3  65  65  80  80     1
   74  46.0  43.0  81.0     3.459     3.459   3.55  46  46  43  43  81  81     1
   75  76.0  62.0  82.0     4.351     4.351   4.47  76  76  62  62  82  82     1
   76  98.0  10.0  83.0     3.804     3.804   3.90  98  98  10  10  83  83     1
   77  51.0  36.0  83.0     3.360     3.360   3.45  51  51  36  36  83  83     1
   78   5.0  74.0  85.0     3.495     3.495   3.59   5   5  74  74  85  85     1
   79  19.0  76.0  85.0     4.024     4.024   4.13  19  19  76  76  85  85     1
   80  24.0  81.0  85.0     5.275     5.275   5.42  24  24  81  81  85  85     1
   81  85.0  32.0  87.0     3.391     3.391   3.48  85  85  32  32  87  87     1
   82   9.0  42.0  87.0     3.874     3.874   3.98   9   9  42  42  87  87     1
   83  67.0  94.0  87.0     4.070     4.070   4.18  67  67  94  94  87  87     1
   84  20.0  81.0  89.0     4.956     4.956   5.09  20  20  81  81  89  89     1
   85  68.0  25.0  90.0     3.569     3.569   3.66  68  68  25  25  90  90     1
   86  76.0  69.0  91.0     4.288     4.288   4.40  76  76  69  69  91  91     1
   87  88.0  70.0  94.0     3.785     3.785   3.88  88  88  70  70  94  94     1
   88  16.0  31.0  95.0     3.772     3.772   3.87  16  16  31  31  95  95     1
   89  25.1  75.1  86.0  3351.403    10.445  10.75  20  30  70  79  80  96   641
   90  77.0  81.0  97.0     3.023     3.023   3.10  77  77  81  81  97  97     1
   91  16.0   5.0  98.0     3.277     3.277   3.36  16  16   5   5  98  98     1
   92  15.0  76.0  98.0     3.079     3.079   3.16  15  15  76  76  98  98     1
   93  25.0  67.0  99.0     3.379     3.379   3.47  25  25  67  67  99  99     1
   94   6.0  15.0 100.0     4.186     4.186   4.30   6   6  15  15 100 100     1
   95  74.0  58.0 102.0     3.988     3.988   4.09  74  74  58  58 102 102     1
   96  50.0  81.0 104.0     3.484     3.484   3.57  50  50  81  81 104 104     1
   97  94.0   2.0 106.0     3.328     3.328   3.41  94  94   2   2 106 106     1
   98  85.0  10.0 107.0     3.015     3.015   3.09  85  85  10  10 107 107     1
   99  38.0   0.0 108.0     3.993     3.993   4.10  38  38   0   0 108 108     1
  100  11.0  60.0 109.0     3.456     3.456   3.55  11  11  60  60 109 109     1
  101  75.0  14.0 110.0     3.829     3.829   3.93  75  75  14  14 110 110     1
  102  65.0  66.0 110.0     4.069     4.069   4.18  65  65  66  66 110 110     1
  103  82.0  59.0 111.0     3.385     3.385   3.47  82  82  59  59 111 111     1
  104  14.0  77.0 112.0     3.849     3.849   3.95  14  14  77  77 112 112     1
  105  74.9  75.0 108.3  1634.489    11.304  11.63  70  80  70  80 104 113   303
  106  74.9  74.9 107.8  1813.975    10.913  11.23  70  80  70  80 102 114   353
  107  98.0  70.0 116.0     3.942     3.942   4.05  98  98  70  70 116 116     1
  108  44.0  15.0 118.0     3.650     3.650   3.75  44  44  15  15 118 118     1
  109  48.0  52.0 118.0     3.882     3.882   3.98  48  48  52  52 118 118     1
  110  87.0  65.0 119.0     3.357     3.357   3.44  87  87  65  65 119 119     1
  111  25.0  69.0 120.0     3.867     3.867   3.97  25  25  69  69 120 120     1
  112  47.0   1.0 122.0     3.703     3.703   3.80  47  47   1   1 122 122     1
  113  80.0  33.0 122.0     3.684     3.684   3.78  80  80  33  33 122 122     1
  114  10.0  82.0 122.0     3.375     3.375   3.46  10  10  82  82 122 122     1
  115  19.0  16.0 123.0     3.524     3.524   3.61  19  19  16  16 123 123     1
  116  59.0  69.0 123.0     3.617     3.617   3.71  59  59  69  69 123 123     1
  117  19.0  67.0 124.0     3.654     3.654   3.75  19  19  67  67 124 124     1
  118  33.0  59.0 125.0     4.157     4.157   4.27  33  33  59  59 125 125     1
  119  50.0  32.0 127.0     2.359     2.359   2.42  50  50  32  32 127 127     1
  120  73.0  97.0 127.0     3.622     3.622   3.72  73  73  97  97 127 127     1
=-=-=-=-=-=-=-
Cube summary
=-=-=-=-=-=-=-
100x100x128
5 detections:
--------------
Detection #1
24 26 14
24 23 14
24 24 14
25 25 14
26 24 14
27 24 14
27 25 14
27 26 14
24 27 14
26 27 14
23 24 15
24 24 15
25 24 15
26 24 15
27 24 15
28 24 15
24 23 15
25 23 15
26 23 15
26 22 15
23 25 15
24 25 15
25 25 15
26 25 15
27 25 15
23 26 15
24 26 15
26 26 15
27 26 15
24 27 15
25 27 15
26 27 15
26 28 15
22 24 16
23 24 16
24 24 16
25 24 16
26 24 16
27 24 16
28 24 16
29 24 16
30 24 16
23 23 16
24 23 16
25 23 16
26 23 16
27 23 16
24 22 16
25 22 16
26 22 16
27 22 16
22 25 16
23 25 16
24 25 16
25 25 16
26 25 16
27 25 16
28 25 16
22 26 16
23 26 16
24 26 16
25 26 16
26 26 16
27 26 16
23 27 16
24 27 16
25 27 16
26 27 16
27 27 16
24 28 16
26 28 16
27 28 16
26 29 16
21 27 17
22 27 17
23 27 17
24 27 17
25 27 17
26 27 17
27 27 17
28 27 17
22 23 17
23 23 17
24 23 17
25 23 17
26 23 17
27 23 17
28 23 17
23 22 17
24 22 17
25 22 17
26 22 17
27 22 17
24 21 17
26 21 17
29 22 17
22 24 17
23 24 17
24 24 17
25 24 17
26 24 17
27 24 17
28 24 17
29 24 17
22 25 17
23 25 17
24 25 17
25 25 17
26 25 17
27 25 17
28 25 17
29 25 17
22 26 17
23 26 17
24 26 17
25 26 17
26 26 17
27 26 17
28 26 17
29 26 17
23 28 17
24 28 17
25 28 17
26 28 17
27 28 17
23 29 17
25 29 17
26 29 17
20 24 18
21 24 18
22 24 18
23 24 18
24 24 18
25 24 18
26 24 18
27 24 18
28 24 18
29 24 18
21 23 18
22 23 18
23 23 18
24 23 18
25 23 18
26 23 18
27 23 18
28 23 18
22 21 18
23 21 18
24 21 18
25 21 18
26 21 18
22 22 18
23 22 18
24 22 18
25 22 18
26 22 18
27 22 18
28 22 18
29 22 18
21 25 18
22 25 18
23 25 18
24 25 18
25 25 18
26 25 18
27 25 18
28 25 18
29 25 18
21 26 18
22 26 18
23 26 18
24 26 18
25 26 18
26 26 18
27 26 18
28 26 18
29 26 18
30 26 18
21 27 18
22 27 18
23 27 18
24 27 18
25 27 18
26 27 18
27 27 18
28 27 18
29 27 18
22 28 18
23 28 18
24 28 18
25 28 18
26 28 18
27 28 18
28 28 18
29 28 18
23 29 18
24 29 18
25 29 18
26 29 18
27 29 18
20 24 19
21 24 19
22 24 19
23 24 19
24 24 19
25 24 19
26 24 19
27 24 19
28 24 19
29 24 19
21 22 19
22 22 19
23 22 19
24 22 19
25 22 19
26 22 19
27 22 19
28 22 19
29 22 19
22 21 19
23 21 19
24 21 19
25 21 19
26 21 19
27 21 19
25 20 19
21 23 19
22 23 19
23 23 19
24 23 19
25 23 19
26 23 19
27 23 19
28 23 19
29 23 19
30 23 19
20 25 19
21 25 19
22 25 19
23 25 19
24 25 19
25 25 19
26 25 19
27 25 19
28 25 19
29 25 19
21 26 19
22 26 19
23 26 19
24 26 19
25 26 19
26 26 19
27 26 19
28 26 19
29 26 19
30 26 19
21 27 19
22 27 19
23 27 19
24 27 19
25 27 19
26 27 19
27 27 19
28 27 19
29 27 19
22 28 19
23 28 19
24 28 19
25 28 19
26 28 19
27 28 19
28 28 19
29 28 19
23 29 19
24 29 19
25 29 19
26 29 19
27 29 19
25 30 19
20 24 20
21 24 20
22 24 20
23 24 20
24 24 20
25 24 20
26 24 20
27 24 20
28 24 20
29 24 20
21 22 20
22 22 20
23 22 20
24 22 20
25 22 20
26 22 20
27 22 20
28 22 20
29 22 20
22 21 20
23 21 20
24 21 20
25 21 20
26 21 20
27 21 20
25 20 20
21 23 20
22 23 20
23 23 20
24 23 20
25 23 20
26 23 20
27 23 20
28 23 20
29 23 20
30 23 20
20 25 20
21 25 20
22 25 20
23 25 20
24 25 20
25 25 20
26 25 20
27 25 20
28 25 20
29 25 20
21 26 20
22 26 20
23 26 20
24 26 20
25 26 20
26 26 20
27 26 20
28 26 20
29 26 20
30 26 20
21 27 20
22 27 20
23 27 20
24 27 20
25 27 20
26 27 20
27 27 20
28 27 20
29 27 20
21 28 20
22 28 20
23 28 20
24 28 20
25 28 20
26 28 20
27 28 20
28 28 20
23 29 20
24 29 20
25 29 20
26 29 20
27 29 20
25 30 20
28 30 20
20 24 21
21 24 21
22 24 21
23 24 21
24 24 21
25 24 21
26 24 21
27 24 21
28 24 21
29 24 21
21 22 21
22 22 21
23 22 21
24 22 21
25 22 21
26 22 21
27 22 21
28 22 21
29 22 21
22 21 21
23 21 21
24 21 21
25 21 21
26 21 21
27 21 21
25 20 21
21 23 21
22 23 21
23 23 21
24 23 21
25 23 21
26 23 21
27 23 21
28 23 21
29 23 21
30 23 21
20 25 21
21 25 21
22 25 21
23 25 21
24 25 21
25 25 21
26 25 21
27 25 21
28 25 21
29 25 21
21 26 21
22 26 21
23 26 21
24 26 21
25 26 21
26 26 21
27 26 21
28 26 21
29 26 21
30 26 21
21 27 21
22 27 21
23 27 21
24 27 21
25 27 21
26 27 21
27 27 21
28 27 21
29 27 21
21 28 21
22 28 21
23 28 21
24 28 21
25 28 21
26 28 21
27 28 21
28 28 21
23 29 21
24 29 21
25 29 21
26 29 21
27 29 21
25 30 21
20 24 22
21 24 22
22 24 22
23 24 22
24 24 22
25 24 22
26 24 22
27 24 22
28 24 22
29 24 22
22 21 22
22 22 22
23 22 22
24 22 22
25 22 22
26 22 22
27 22 22
28 22 22
29 22 22
24 21 22
25 21 22
25 20 22
27 21 22
22 23 22
23 23 22
24 23 22
25 23 22
26 23 22
27 23 22
28 23 22
29 23 22
21 25 22
22 25 22
23 25 22
24 25 22
25 25 22
26 25 22
27 25 22
28 25 22
29 25 22
21 26 22
22 26 22
23 26 22
24 26 22
25 26 22
26 26 22
27 26 22
28 26 22
29 26 22
30 26 22
21 27 22
22 27 22
23 27 22
24 27 22
25 27 22
26 27 22
27 27 22
28 27 22
29 27 22
21 28 22
22 28 22
23 28 22
24 28 22
25 28 22
26 28 22
27 28 22
28 28 22
23 29 22
24 29 22
25 29 22
26 29 22
27 29 22
25 30 22
20 24 23
21 25 23
22 25 23
23 25 23
24 25 23
25 25 23
26 25 23
27 25 23
28 25 23
29 25 23
22 22 23
22 23 23
23 23 23
24 23 23
25 23 23
26 23 23
27 23 23
28 23 23
24 22 23
25 22 23
26 22 23
27 22 23
28 22 23
29 22 23
25 21 23
22 24 23
23 24 23
24 24 23
25 24 23
26 24 23
27 24 23
28 24 23
21 26 23
22 26 23
23 26 23
24 26 23
25 26 23
26 26 23
27 26 23
28 26 23
21 27 23
22 27 23
23 27 23
24 27 23
25 27 23
26 27 23
27 27 23
28 27 23
23 28 23
24 28 23
25 28 23
26 28 23
27 28 23
28 28 23
24 29 23
25 30 23
22 24 24
23 24 24
24 24 24
25 24 24
26 24 24
27 24 24
28 24 24
24 22 24
25 22 24
26 22 24
24 23 24
25 23 24
26 23 24
27 23 24
22 25 24
23 25 24
24 25 24
25 25 24
26 25 24
27 25 24
28 25 24
23 26 24
24 26 24
25 26 24
26 26 24
27 26 24
23 27 24
24 27 24
25 27 24
26 27 24
27 27 24
24 28 24
25 28 24
26 28 24
27 28 24
22 24 25
23 24 25
24 24 25
25 24 25
26 24 25
27 24 25
24 23 25
25 23 25
26 23 25
27 23 25
23 25 25
24 25 25
25 25 25
26 25 25
27 25 25
28 25 25
23 26 25
24 26 25
25 26 25
26 26 25
27 26 25
23 27 25
24 27 25
25 27 25
26 27 25
24 27 26
25 27 26
26 27 26
24 24 26
25 24 26
26 24 26
27 24 26
25 23 26
24 25 26
25 25 26
26 25 26
27 25 26
25 26 26

---
Detection #2
74 26 36
75 26 36
76 26 36
77 26 36
74 23 36
74 24 36
75 24 36
76 24 36
76 23 36
75 25 36
76 25 36
74 27 36
72 25 37
73 25 37
74 25 37
75 25 37
76 25 37
77 25 37
73 23 37
74 23 37
75 23 37
76 23 37
74 22 37
73 24 37
74 24 37
75 24 37
76 24 37
77 24 37
73 26 37
74 26 37
75 26 37
76 26 37
77 26 37
73 27 37
74 27 37
75 27 37
76 27 37
72 24 38
73 24 38
74 24 38
75 24 38
76 24 38
77 24 38
78 24 38
79 24 38
73 22 38
74 22 38
75 22 38
73 23 38
74 23 38
75 23 38
76 23 38
72 25 38
73 25 38
74 25 38
75 25 38
76 25 38
77 25 38
78 25 38
72 26 38
73 26 38
74 26 38
75 26 38
76 26 38
77 26 38
78 26 38
73 27 38
74 27 38
75 27 38
76 27 38
77 27 38
78 27 38
75 28 38
77 28 38
71 25 39
72 25 39
73 25 39
74 25 39
75 25 39
76 25 39
77 25 39
78 25 39
79 25 39
72 22 39
73 22 39
74 22 39
75 22 39
76 22 39
74 21 39
77 21 39
72 23 39
73 23 39
74 23 39
75 23 39
76 23 39
77 23 39
78 23 39
72 24 39
73 24 39
74 24 39
75 24 39
76 24 39
77 24 39
78 24 39
79 24 39
72 26 39
73 26 39
74 26 39
75 26 39
76 26 39
77 26 39
78 26 39
79 26 39
72 27 39
73 27 39
74 27 39
75 27 39
76 27 39
77 27 39
78 27 39
79 27 39
72 28 39
73 28 39
74 28 39
75 28 39
76 28 39
77 28 39
78 28 39
76 29 39
77 29 39
71 23 40
72 23 40
73 23 40
74 23 40
75 23 40
76 23 40
77 23 40
78 23 40
79 23 40
72 22 40
73 22 40
74 22 40
75 22 40
76 22 40
77 22 40
74 21 40
75 21 40
76 21 40
77 21 40
75 20 40
79 22 40
71 24 40
72 24 40
73 24 40
74 24 40
75 24 40
76 24 40
77 24 40
78 24 40
79 24 40
71 25 40
72 25 40
73 25 40
74 25 40
75 25 40
76 25 40
77 25 40
78 25 40
79 25 40
71 26 40
72 26 40
73 26 40
74 26 40
75 26 40
76 26 40
77 26 40
78 26 40
79 26 40
72 27 40
73 27 40
74 27 40
75 27 40
76 27 40
77 27 40
78 27 40
79 27 40
72 28 40
73 28 40
74 28 40
75 28 40
76 28 40
77 28 40
78 28 40
73 29 40
74 29 40
75 29 40
76 29 40
77 29 40
70 27 41
71 27 41
72 27 41
73 27 41
74 27 41
75 27 41
76 27 41
77 27 41
78 27 41
79 27 41
71 23 41
72 23 41
73 23 41
74 23 41
75 23 41
76 23 41
77 23 41
78 23 41
79 23 41
72 22 41
73 22 41
74 22 41
75 22 41
76 22 41
77 22 41
78 22 41
79 22 41
74 21 41
75 21 41
76 21 41
77 21 41
78 21 41
76 20 41
71 24 41
72 24 41
73 24 41
74 24 41
75 24 41
76 24 41
77 24 41
78 24 41
79 24 41
71 25 41
72 25 41
73 25 41
74 25 41
75 25 41
76 25 41
77 25 41
78 25 41
79 25 41
71 26 41
72 26 41
73 26 41
74 26 41
75 26 41
76 26 41
77 26 41
78 26 41
79 26 41
72 28 41
73 28 41
74 28 41
75 28 41
76 28 41
77 28 41
78 28 41
79 28 41
73 29 41
74 29 41
75 29 41
76 29 41
77 29 41
71 23 42
72 23 42
73 23 42
74 23 42
75 23 42
76 23 42
77 23 42
78 23 42
79 23 42
72 22 42
73 22 42
74 22 42
75 22 42
76 22 42
77 22 42
78 22 42
79 22 42
74 21 42
75 21 42
76 21 42
77 21 42
78 21 42
79 21 42
76 20 42
71 24 42
72 24 42
73 24 42
74 24 42
75 24 42
76 24 42
77 24 42
78 24 42
79 24 42
71 25 42
72 25 42
73 25 42
74 25 42
75 25 42
76 25 42
77 25 42
78 25 42
79 25 42
71 26 42
72 26 42
73 26 42
74 26 42
75 26 42
76 26 42
77 26 42
78 26 42
79 26 42
71 27 42
72 27 42
73 27 42
74 27 42
75 27 42
76 27 42
77 27 42
78 27 42
79 27 42
72 28 42
73 28 42
74 28 42
75 28 42
76 28 42
77 28 42
78 28 42
79 28 42
73 29 42
74 29 42
75 29 42
76 29 42
77 29 42
71 23 43
72 23 43
73 23 43
74 23 43
75 23 43
76 23 43
77 23 43
78 23 43
79 23 43
72 22 43
73 22 43
74 22 43
75 22 43
76 22 43
77 22 43
78 22 43
79 22 43
73 21 43
74 21 43
75 21 43
76 21 43
77 21 43
76 20 43
71 24 43
72 24 43
73 24 43
74 24 43
75 24 43
76 24 43
77 24 43
78 24 43
79 24 43
71 25 43
72 25 43
73 25 43
74 25 43
75 25 43
76 25 43
77 25 43
78 25 43
79 25 43
71 26 43
72 26 43
73 26 43
74 26 43
75 26 43
76 26 43
77 26 43
78 26 43
79 26 43
71 27 43
72 27 43
73 27 43
74 27 43
75 27 43
76 27 43
77 27 43
78 27 43
79 27 43
72 28 43
73 28 43
74 28 43
75 28 43
76 28 43
77 28 43
78 28 43
73 29 43
74 29 43
75 29 43
76 29 43
77 29 43
71 24 44
72 24 44
73 24 44
74 24 44
75 24 44
76 24 44
77 24 44
78 24 44
79 24 44
72 22 44
73 22 44
74 22 44
75 22 44
76 22 44
77 22 44
78 22 44
79 22 44
74 21 44
75 21 44
76 21 44
77 21 44
76 20 44
72 23 44
73 23 44
74 23 44
75 23 44
76 23 44
77 23 44
78 23 44
79 23 44
71 25 44
72 25 44
73 25 44
74 25 44
75 25 44
76 25 44
77 25 44
78 25 44
79 25 44
71 26 44
72 26 44
73 26 44
74 26 44
75 26 44
76 26 44
77 26 44
78 26 44
79 26 44
71 27 44
72 27 44
73 27 44
74 27 44
75 27 44
76 27 44
77 27 44
78 27 44
79 27 44
72 28 44
73 28 44
74 28 44
75 28 44
76 28 44
77 28 44
78 28 44
74 29 44
75 29 44
76 29 44
77 29 44
71 25 45
72 25 45
73 25 45
74 25 45
75 25 45
76 25 45
77 25 45
78 25 45
79 25 45
72 22 45
73 22 45
74 22 45
75 22 45
76 22 45
77 22 45
75 21 45
76 20 45
72 23 45
73 23 45
74 23 45
75 23 45
76 23 45
77 23 45
78 23 45
79 23 45
72 24 45
73 24 45
74 24 45
75 24 45
76 24 45
77 24 45
78 24 45
72 26 45
73 26 45
74 26 45
75 26 45
76 26 45
77 26 45
78 26 45
79 26 45
72 27 45
73 27 45
74 27 45
75 27 45
76 27 45
77 27 45
78 27 45
72 28 45
73 28 45
74 28 45
75 28 45
76 28 45
77 28 45
74 29 45
77 29 45
72 24 46
73 24 46
74 24 46
75 24 46
76 24 46
77 24 46
78 24 46
73 23 46
74 23 46
75 23 46
76 23 46
74 22 46
75 22 46
72 25 46
73 25 46
74 25 46
75 25 46
76 25 46
77 25 46
78 25 46
72 26 46
73 26 46
74 26 46
75 26 46
76 26 46
77 26 46
78 26 46
73 27 46
74 27 46
75 27 46
76 27 46
77 27 46
74 28 46
76 28 46
77 28 46
72 25 47
73 25 47
74 25 47
75 25 47
76 25 47
77 25 47
73 24 47
74 24 47
75 24 47
76 24 47
77 24 47
74 22 47
75 22 47
74 23 47
75 23 47
76 23 47
73 26 47
74 26 47
75 26 47
76 26 47
77 26 47
73 27 47
74 27 47
75 27 47
76 27 47
77 27 47
74 25 48
75 25 48
75 24 48
75 26 48
76 26 48

---
Detection #3
52 50 58
48 50 58
49 50 58
49 49 58
50 49 58
50 48 58
49 51 58
50 51 58
50 52 58
51 52 58
47 50 59
48 50 59
49 50 59
50 50 59
51 50 59
52 50 59
48 49 59
49 49 59
50 49 59
51 49 59
52 49 59
49 48 59
50 48 59
48 51 59
49 51 59
50 51 59
51 51 59
52 51 59
49 52 59
50 52 59
51 52 59
50 53 59
48 54 60
47 48 60
48 48 60
49 48 60
50 48 60
51 48 60
52 48 60
53 48 60
49 47 60
50 47 60
47 49 60
48 49 60
49 49 60
50 49 60
51 49 60
52 49 60
53 49 60
47 50 60
48 50 60
49 50 60
50 50 60
51 50 60
52 50 60
53 50 60
47 51 60
48 51 60
49 51 60
50 51 60
51 51 60
52 51 60
48 52 60
49 52 60
50 52 60
51 52 60
52 52 60
53 52 60
49 53 60
50 53 60
46 49 61
47 49 61
48 49 61
49 49 61
50 49 61
51 49 61
52 49 61
53 49 61
47 47 61
48 47 61
49 47 61
50 47 61
51 47 61
52 47 61
48 46 61
49 46 61
51 46 61
52 46 61
47 48 61
48 48 61
49 48 61
50 48 61
51 48 61
52 48 61
53 48 61
54 48 61
46 50 61
47 50 61
48 50 61
49 50 61
50 50 61
51 50 61
52 50 61
53 50 61
47 51 61
48 51 61
49 51 61
50 51 61
51 51 61
52 51 61
53 51 61
54 51 61
47 52 61
48 52 61
49 52 61
50 52 61
51 52 61
52 52 61
53 52 61
54 52 61
48 53 61
49 53 61
50 53 61
51 53 61
52 53 61
53 53 61
48 54 61
49 54 61
51 54 61
52 54 61
45 52 61
45 52 62
46 52 62
47 52 62
48 52 62
49 52 62
50 52 62
51 52 62
52 52 62
53 52 62
54 52 62
46 48 62
47 48 62
48 48 62
49 48 62
50 48 62
51 48 62
52 48 62
53 48 62
54 48 62
47 47 62
48 47 62
49 47 62
50 47 62
51 47 62
52 47 62
53 47 62
48 46 62
49 46 62
50 46 62
51 46 62
52 46 62
49 45 62
46 49 62
47 49 62
48 49 62
49 49 62
50 49 62
51 49 62
52 49 62
53 49 62
54 49 62
46 50 62
47 50 62
48 50 62
49 50 62
50 50 62
51 50 62
52 50 62
53 50 62
54 50 62
46 51 62
47 51 62
48 51 62
49 51 62
50 51 62
51 51 62
52 51 62
53 51 62
54 51 62
47 53 62
48 53 62
49 53 62
50 53 62
51 53 62
52 53 62
53 53 62
47 54 62
48 54 62
49 54 62
50 54 62
51 54 62
52 54 62
50 55 62
45 52 63
46 52 63
47 52 63
48 52 63
49 52 63
50 52 63
51 52 63
52 52 63
53 52 63
54 52 63
45 49 63
46 49 63
47 49 63
48 49 63
49 49 63
50 49 63
51 49 63
52 49 63
53 49 63
54 49 63
46 48 63
47 48 63
48 48 63
49 48 63
50 48 63
51 48 63
52 48 63
53 48 63
54 48 63
47 47 63
48 47 63
49 47 63
50 47 63
51 47 63
52 47 63
53 47 63
48 46 63
49 46 63
50 46 63
51 46 63
52 46 63
53 46 63
52 45 63
46 50 63
47 50 63
48 50 63
49 50 63
50 50 63
51 50 63
52 50 63
53 50 63
54 50 63
55 50 63
46 51 63
47 51 63
48 51 63
49 51 63
50 51 63
51 51 63
52 51 63
53 51 63
54 51 63
46 53 63
47 53 63
48 53 63
49 53 63
50 53 63
51 53 63
52 53 63
53 53 63
47 54 63
48 54 63
49 54 63
50 54 63
51 54 63
52 54 63
49 55 63
50 55 63
45 52 64
46 52 64
47 52 64
48 52 64
49 52 64
50 52 64
51 52 64
52 52 64
53 52 64
54 52 64
45 49 64
46 49 64
47 49 64
48 49 64
49 49 64
50 49 64
51 49 64
52 49 64
53 49 64
54 49 64
46 48 64
47 48 64
48 48 64
49 48 64
50 48 64
51 48 64
52 48 64
53 48 64
54 48 64
47 46 64
48 46 64
49 46 64
50 46 64
51 46 64
52 46 64
53 46 64
48 45 64
49 45 64
52 45 64
47 47 64
48 47 64
49 47 64
50 47 64
51 47 64
52 47 64
53 47 64
46 50 64
47 50 64
48 50 64
49 50 64
50 50 64
51 50 64
52 50 64
53 50 64
54 50 64
55 50 64
46 51 64
47 51 64
48 51 64
49 51 64
50 51 64
51 51 64
52 51 64
53 51 64
54 51 64
46 53 64
47 53 64
48 53 64
49 53 64
50 53 64
51 53 64
52 53 64
53 53 64
54 53 64
47 54 64
48 54 64
49 54 64
50 54 64
51 54 64
52 54 64
50 55 64
52 55 64
45 52 65
46 52 65
47 52 65
48 52 65
49 52 65
50 52 65
51 52 65
52 52 65
53 52 65
54 52 65
45 49 65
46 49 65
47 49 65
48 49 65
49 49 65
50 49 65
51 49 65
52 49 65
53 49 65
54 49 65
46 48 65
47 48 65
48 48 65
49 48 65
50 48 65
51 48 65
52 48 65
53 48 65
54 48 65
47 46 65
48 46 65
49 46 65
50 46 65
51 46 65
52 46 65
53 46 65
48 45 65
52 45 65
47 47 65
48 47 65
49 47 65
50 47 65
51 47 65
52 47 65
53 47 65
46 50 65
47 50 65
48 50 65
49 50 65
50 50 65
51 50 65
52 50 65
53 50 65
54 50 65
46 51 65
47 51 65
48 51 65
49 51 65
50 51 65
51 51 65
52 51 65
53 51 65
54 51 65
46 53 65
47 53 65
48 53 65
49 53 65
50 53 65
51 53 65
52 53 65
53 53 65
54 53 65
48 54 65
49 54 65
50 54 65
51 54 65
52 54 65
50 55 65
45 49 66
46 49 66
47 49 66
48 49 66
49 49 66
50 49 66
51 49 66
52 49 66
53 49 66
54 49 66
46 48 66
47 48 66
48 48 66
49 48 66
50 48 66
51 48 66
52 48 66
53 48 66
47 47 66
48 47 66
49 47 66
50 47 66
51 47 66
52 47 66
53 47 66
48 45 66
48 46 66
49 46 66
50 46 66
51 46 66
46 50 66
47 50 66
48 50 66
49 50 66
50 50 66
51 50 66
52 50 66
53 50 66
54 50 66
46 51 66
47 51 66
48 51 66
49 51 66
50 51 66
51 51 66
52 51 66
53 51 66
54 51 66
46 52 66
47 52 66
48 52 66
49 52 66
50 52 66
51 52 66
52 52 66
53 52 66
54 52 66
47 53 66
48 53 66
49 53 66
50 53 66
51 53 66
52 53 66
53 53 66
54 53 66
49 54 66
50 54 66
51 54 66
52 54 66
50 55 66
46 48 67
47 48 67
48 48 67
49 48 67
50 48 67
51 48 67
52 48 67
53 48 67
47 47 67
48 47 67
49 47 67
50 47 67
51 47 67
52 47 67
50 46 67
46 49 67
47 49 67
48 49 67
49 49 67
50 49 67
51 49 67
52 49 67
53 49 67
54 49 67
47 50 67
48 50 67
49 50 67
50 50 67
51 50 67
52 50 67
53 50 67
47 51 67
48 51 67
49 51 67
50 51 67
51 51 67
52 51 67
53 51 67
54 51 67
47 52 67
48 52 67
49 52 67
50 52 67
51 52 67
52 52 67
53 52 67
47 53 67
49 53 67
50 53 67
51 53 67
52 53 67
50 54 67
47 48 68
48 48 68
49 48 68
50 48 68
51 48 68
52 48 68
53 48 68
49 47 68
50 47 68
51 47 68
47 49 68
48 49 68
49 49 68
50 49 68
51 49 68
52 49 68
53 49 68
47 50 68
48 50 68
49 50 68
50 50 68
51 50 68
52 50 68
53 50 68
47 51 68
48 51 68
49 51 68
50 51 68
51 51 68
52 51 68
53 51 68
48 52 68
49 52 68
50 52 68
51 52 68
52 52 68
49 53 68
50 53 68
51 53 68
47 49 69
48 49 69
49 49 69
50 49 69
51 49 69
52 49 69
48 48 69
49 47 69
48 50 69
49 50 69
50 50 69
51 50 69
52 50 69
53 50 69
49 51 69
50 51 69
51 51 69
52 51 69
49 52 69
50 52 69
51 52 69
49 53 69
48 50 70
49 50 70
50 50 70
49 49 70
50 49 70
51 49 70
52 49 70
50 51 70
50 52 70
51 52 70

---
Detection #4
23 76 80
24 76 80
25 76 80
26 76 80
23 74 80
24 75 80
25 73 80
25 74 80
26 74 80
27 74 80
26 77 80
22 76 81
23 76 81
24 76 81
25 76 81
26 76 81
27 76 81
28 76 81
23 74 81
24 74 81
25 74 81
26 74 81
27 74 81
24 73 81
25 73 81
27 73 81
24 75 81
25 75 81
26 75 81
27 75 81
23 77 81
24 77 81
25 77 81
26 77 81
27 77 81
24 78 81
25 78 81
26 78 81
22 74 82
23 74 82
24 74 82
25 74 82
26 74 82
27 74 82
23 73 82
24 73 82
25 73 82
26 73 82
27 73 82
25 72 82
26 72 82
22 75 82
23 75 82
24 75 82
25 75 82
26 75 82
27 75 82
28 75 82
22 76 82
23 76 82
24 76 82
25 76 82
26 76 82
27 76 82
28 76 82
23 77 82
24 77 82
25 77 82
26 77 82
27 77 82
24 78 82
25 78 82
26 78 82
21 74 83
22 74 83
23 74 83
24 74 83
25 74 83
26 74 83
27 74 83
28 74 83
22 73 83
23 73 83
24 73 83
25 73 83
26 73 83
27 73 83
28 73 83
29 73 83
23 71 83
24 71 83
23 72 83
24 72 83
25 72 83
26 72 83
27 72 83
26 71 83
22 75 83
23 75 83
24 75 83
25 75 83
26 75 83
27 75 83
28 75 83
29 75 83
22 76 83
23 76 83
24 76 83
25 76 83
26 76 83
27 76 83
28 76 83
29 76 83
30 76 83
22 77 83
23 77 83
24 77 83
25 77 83
26 77 83
27 77 83
28 77 83
23 78 83
24 78 83
25 78 83
26 78 83
27 78 83
28 78 83
24 79 83
25 79 83
27 79 83
21 73 84
22 73 84
23 73 84
24 73 84
25 73 84
26 73 84
27 73 84
28 73 84
29 73 84
22 72 84
23 72 84
24 72 84
25 72 84
26 72 84
27 72 84
28 72 84
23 71 84
24 71 84
25 70 84
26 71 84
27 71 84
21 74 84
22 74 84
23 74 84
24 74 84
25 74 84
26 74 84
27 74 84
28 74 84
29 74 84
21 75 84
22 75 84
23 75 84
24 75 84
25 75 84
26 75 84
27 75 84
28 75 84
29 75 84
21 76 84
22 76 84
23 76 84
24 76 84
25 76 84
26 76 84
27 76 84
28 76 84
29 76 84
30 76 84
21 77 84
22 77 84
23 77 84
24 77 84
25 77 84
26 77 84
27 77 84
28 77 84
29 77 84
22 78 84
23 78 84
24 78 84
25 78 84
26 78 84
27 78 84
28 78 84
22 79 84
23 79 84
24 79 84
25 79 84
26 79 84
27 79 84
20 74 85
21 74 85
22 74 85
23 74 85
24 74 85
25 74 85
26 74 85
27 74 85
28 74 85
29 74 85
21 73 85
22 73 85
23 73 85
24 73 85
25 73 85
26 73 85
27 73 85
28 73 85
29 73 85
30 73 85
22 72 85
23 72 85
24 72 85
25 72 85
26 72 85
27 72 85
28 72 85
23 71 85
24 71 85
25 71 85
26 71 85
27 71 85
25 70 85
21 75 85
22 75 85
23 75 85
24 75 85
25 75 85
26 75 85
27 75 85
28 75 85
29 75 85
21 76 85
22 76 85
23 76 85
24 76 85
25 76 85
26 76 85
27 76 85
28 76 85
29 76 85
30 76 85
21 77 85
22 77 85
23 77 85
24 77 85
25 77 85
26 77 85
27 77 85
28 77 85
29 77 85
22 78 85
23 78 85
24 78 85
25 78 85
26 78 85
27 78 85
28 78 85
22 79 85
23 79 85
24 79 85
25 79 85
26 79 85
27 79 85
28 79 85
20 72 86
21 72 86
22 72 86
23 72 86
24 72 86
25 72 86
26 72 86
27 72 86
28 72 86
23 71 86
24 71 86
25 71 86
26 71 86
27 71 86
28 71 86
24 70 86
25 70 86
27 70 86
20 73 86
21 73 86
22 73 86
23 73 86
24 73 86
25 73 86
26 73 86
27 73 86
28 73 86
29 73 86
20 74 86
21 74 86
22 74 86
23 74 86
24 74 86
25 74 86
26 74 86
27 74 86
28 74 86
29 74 86
21 75 86
22 75 86
23 75 86
24 75 86
25 75 86
26 75 86
27 75 86
28 75 86
29 75 86
30 75 86
21 76 86
22 76 86
23 76 86
24 76 86
25 76 86
26 76 86
27 76 86
28 76 86
29 76 86
30 76 86
21 77 86
22 77 86
23 77 86
24 77 86
25 77 86
26 77 86
27 77 86
28 77 86
29 77 86
22 78 86
23 78 86
24 78 86
25 78 86
26 78 86
27 78 86
28 78 86
22 79 86
23 79 86
24 79 86
25 79 86
26 79 86
27 79 86
28 79 86
20 73 87
21 73 87
22 73 87
23 73 87
24 73 87
25 73 87
26 73 87
27 73 87
28 73 87
29 73 87
21 72 87
22 72 87
23 72 87
24 72 87
25 72 87
26 72 87
27 72 87
28 72 87
23 71 87
24 71 87
25 71 87
26 71 87
27 71 87
28 71 87
24 70 87
25 70 87
20 74 87
21 74 87
22 74 87
23 74 87
24 74 87
25 74 87
26 74 87
27 74 87
28 74 87
29 74 87
21 75 87
22 75 87
23 75 87
24 75 87
25 75 87
26 75 87
27 75 87
28 75 87
29 75 87
30 75 87
21 76 87
22 76 87
23 76 87
24 76 87
25 76 87
26 76 87
27 76 87
28 76 87
29 76 87
30 76 87
21 77 87
22 77 87
23 77 87
24 77 87
25 77 87
26 77 87
27 77 87
28 77 87
29 77 87
22 78 87
23 78 87
24 78 87
25 78 87
26 78 87
27 78 87
28 78 87
29 78 87
22 79 87
23 79 87
24 79 87
25 79 87
26 79 87
27 79 87
28 79 87
20 74 88
21 74 88
22 74 88
23 74 88
24 74 88
25 74 88
26 74 88
27 74 88
28 74 88
29 74 88
21 73 88
22 73 88
23 73 88
24 73 88
25 73 88
26 73 88
27 73 88
28 73 88
29 73 88
22 72 88
23 72 88
24 72 88
25 72 88
26 72 88
27 72 88
23 71 88
24 71 88
25 71 88
26 71 88
27 71 88
21 75 88
22 75 88
23 75 88
24 75 88
25 75 88
26 75 88
27 75 88
28 75 88
29 75 88
21 76 88
22 76 88
23 76 88
24 76 88
25 76 88
26 76 88
27 76 88
28 76 88
29 76 88
21 77 88
22 77 88
23 77 88
24 77 88
25 77 88
26 77 88
27 77 88
28 77 88
29 77 88
22 78 88
23 78 88
24 78 88
25 78 88
26 78 88
27 78 88
28 78 88
29 78 88
22 79 88
23 79 88
24 79 88
25 79 88
26 79 88
27 79 88
28 79 88
21 75 89
22 75 89
23 75 89
24 75 89
25 75 89
26 75 89
27 75 89
28 75 89
29 75 89
21 73 89
22 73 89
23 73 89
24 73 89
25 73 89
26 73 89
27 73 89
28 73 89
29 73 89
23 72 89
24 72 89
25 72 89
26 72 89
27 72 89
25 71 89
26 71 89
23 74 89
24 74 89
25 74 89
26 74 89
27 74 89
28 74 89
21 76 89
22 76 89
23 76 89
24 76 89
25 76 89
26 76 89
27 76 89
28 76 89
22 77 89
23 77 89
24 77 89
25 77 89
26 77 89
27 77 89
28 77 89
22 78 89
23 78 89
24 78 89
25 78 89
26 78 89
27 78 89
28 78 89
24 79 89
25 79 89
26 79 89
27 79 89
22 75 90
23 75 90
24 75 90
25 75 90
26 75 90
27 75 90
28 75 90
23 73 90
24 73 90
25 73 90
26 73 90
27 73 90
25 72 90
26 72 90
23 74 90
24 74 90
25 74 90
26 74 90
27 74 90
28 74 90
22 76 90
23 76 90
24 76 90
25 76 90
26 76 90
27 76 90
28 76 90
23 77 90
24 77 90
25 77 90
26 77 90
27 77 90
24 78 90
25 78 90
26 78 90
23 74 91
24 74 91
25 74 91
26 74 91
27 74 91
28 74 91
24 73 91
25 73 91
26 73 91
27 73 91
23 75 91
24 75 91
25 75 91
26 75 91
27 75 91
23 76 91
24 76 91
25 76 91
26 76 91
27 76 91
28 76 91
23 77 91
24 77 91
25 77 91
26 77 91
27 77 91
24 78 91
25 78 91
26 78 91
24 75 92
24 73 92
25 73 92
26 73 92
25 74 92
27 74 92
27 75 92
24 76 92
25 76 92
24 78 92
21 72 96

---
Detection #5
74 77 102
75 77 102
73 74 102
73 75 102
74 75 102
75 74 102
75 76 102
76 76 102
77 76 102
77 74 102
77 75 102
72 74 103
73 74 103
74 74 103
75 74 103
76 74 103
77 74 103
73 73 103
74 73 103
75 73 103
76 73 103
76 72 103
72 75 103
73 75 103
74 75 103
75 75 103
76 75 103
77 75 103
73 76 103
74 76 103
75 76 103
76 76 103
77 76 103
74 77 103
75 77 103
76 77 103
77 77 103
80 74 104
72 73 104
73 73 104
74 73 104
75 73 104
76 73 104
77 73 104
75 72 104
76 72 104
72 74 104
73 74 104
74 74 104
75 74 104
76 74 104
77 74 104
78 74 104
72 75 104
73 75 104
74 75 104
75 75 104
76 75 104
77 75 104
78 75 104
72 76 104
73 76 104
74 76 104
75 76 104
76 76 104
77 76 104
73 77 104
74 77 104
75 77 104
76 77 104
77 77 104
78 77 104
74 78 104
75 78 104
70 75 105
71 75 105
72 75 105
73 75 105
74 75 105
75 75 105
76 75 105
77 75 105
78 75 105
79 75 105
71 73 105
72 73 105
73 73 105
74 73 105
75 73 105
76 73 105
77 73 105
72 72 105
74 72 105
75 72 105
76 72 105
77 72 105
71 74 105
72 74 105
73 74 105
74 74 105
75 74 105
76 74 105
77 74 105
78 74 105
79 73 105
80 74 105
70 76 105
71 76 105
72 76 105
73 76 105
74 76 105
75 76 105
76 76 105
77 76 105
78 76 105
79 76 105
72 77 105
73 77 105
74 77 105
75 77 105
76 77 105
77 77 105
78 77 105
73 78 105
74 78 105
75 78 105
76 78 105
77 78 105
75 79 105
70 75 106
71 75 106
72 75 106
73 75 106
74 75 106
75 75 106
76 75 106
77 75 106
78 75 106
79 75 106
71 73 106
72 73 106
73 73 106
74 73 106
75 73 106
76 73 106
77 73 106
78 73 106
79 73 106
72 72 106
73 72 106
74 72 106
75 72 106
76 72 106
77 72 106
78 72 106
73 71 106
74 71 106
75 71 106
76 71 106
77 71 106
71 74 106
72 74 106
73 74 106
74 74 106
75 74 106
76 74 106
77 74 106
78 74 106
79 74 106
80 74 106
70 76 106
71 76 106
72 76 106
73 76 106
74 76 106
75 76 106
76 76 106
77 76 106
78 76 106
79 76 106
72 77 106
73 77 106
74 77 106
75 77 106
76 77 106
77 77 106
78 77 106
72 78 106
73 78 106
74 78 106
75 78 106
76 78 106
77 78 106
78 78 106
73 79 106
75 79 106
76 79 106
77 79 106
78 79 106
70 75 107
71 75 107
72 75 107
73 75 107
74 75 107
75 75 107
76 75 107
77 75 107
78 75 107
79 75 107
80 75 107
71 72 107
72 72 107
73 72 107
74 72 107
75 72 107
76 72 107
77 72 107
78 72 107
73 71 107
74 71 107
75 71 107
76 71 107
77 71 107
78 71 107
74 70 107
71 73 107
72 73 107
73 73 107
74 73 107
75 73 107
76 73 107
77 73 107
78 73 107
79 73 107
71 74 107
72 74 107
73 74 107
74 74 107
75 74 107
76 74 107
77 74 107
78 74 107
79 74 107
80 74 107
70 76 107
71 76 107
72 76 107
73 76 107
74 76 107
75 76 107
76 76 107
77 76 107
78 76 107
79 76 107
71 77 107
72 77 107
73 77 107
74 77 107
75 77 107
76 77 107
77 77 107
78 77 107
79 77 107
72 78 107
73 78 107
74 78 107
75 78 107
76 78 107
77 78 107
78 78 107
73 79 107
74 79 107
75 79 107
76 79 107
77 79 107
78 79 107
75 80 107
76 80 107
70 75 108
71 75 108
72 75 108
73 75 108
74 75 108
75 75 108
76 75 108
77 75 108
78 75 108
79 75 108
80 75 108
70 73 108
71 73 108
72 73 108
73 73 108
74 73 108
75 73 108
76 73 108
77 73 108
78 73 108
79 73 108
71 72 108
72 72 108
73 72 108
74 72 108
75 72 108
76 72 108
77 72 108
78 72 108
73 71 108
74 71 108
75 71 108
76 71 108
77 71 108
78 71 108
74 70 108
75 70 108
78 70 108
71 74 108
72 74 108
73 74 108
74 74 108
75 74 108
76 74 108
77 74 108
78 74 108
79 74 108
80 74 108
70 76 108
71 76 108
72 76 108
73 76 108
74 76 108
75 76 108
76 76 108
77 76 108
78 76 108
79 76 108
70 77 108
71 77 108
72 77 108
73 77 108
74 77 108
75 77 108
76 77 108
77 77 108
78 77 108
79 77 108
71 78 108
72 78 108
73 78 108
74 78 108
75 78 108
76 78 108
77 78 108
78 78 108
71 79 108
73 79 108
74 79 108
75 79 108
76 79 108
77 79 108
73 80 108
75 80 108
76 80 108
77 80 108
78 80 108
70 77 109
71 77 109
72 77 109
73 77 109
74 77 109
75 77 109
76 77 109
77 77 109
78 77 109
79 77 109
70 75 109
71 75 109
72 75 109
73 75 109
74 75 109
75 75 109
76 75 109
77 75 109
78 75 109
79 75 109
80 75 109
70 73 109
71 73 109
72 73 109
73 73 109
74 73 109
75 73 109
76 73 109
77 73 109
78 73 109
79 73 109
71 72 109
72 72 109
73 72 109
74 72 109
75 72 109
76 72 109
77 72 109
78 72 109
72 71 109
73 71 109
74 71 109
75 71 109
76 71 109
77 71 109
78 71 109
77 70 109
71 74 109
72 74 109
73 74 109
74 74 109
75 74 109
76 74 109
77 74 109
78 74 109
79 74 109
71 76 109
72 76 109
73 76 109
74 76 109
75 76 109
76 76 109
77 76 109
78 76 109
79 76 109
71 78 109
72 78 109
73 78 109
74 78 109
75 78 109
76 78 109
77 78 109
78 78 109
71 79 109
73 79 109
74 79 109
75 79 109
76 79 109
77 79 109
79 79 109
73 80 109
76 80 109
77 80 109
70 75 110
71 75 110
72 75 110
73 75 110
74 75 110
75 75 110
76 75 110
77 75 110
78 75 110
79 75 110
71 72 110
72 72 110
73 72 110
74 72 110
75 72 110
76 72 110
77 72 110
78 72 110
73 71 110
74 71 110
75 71 110
76 71 110
77 71 110
77 70 110
71 73 110
72 73 110
73 73 110
74 73 110
75 73 110
76 73 110
77 73 110
78 73 110
79 73 110
71 74 110
72 74 110
73 74 110
74 74 110
75 74 110
76 74 110
77 74 110
78 74 110
79 74 110
71 76 110
72 76 110
73 76 110
74 76 110
75 76 110
76 76 110
77 76 110
78 76 110
79 76 110
71 77 110
72 77 110
73 77 110
74 77 110
75 77 110
76 77 110
77 77 110
78 77 110
72 78 110
73 78 110
74 78 110
75 78 110
76 78 110
77 78 110
78 78 110
73 79 110
74 79 110
75 79 110
76 79 110
77 79 110
71 77 111
72 77 111
73 77 111
74 77 111
75 77 111
76 77 111
77 77 111
78 77 111
71 74 111
72 74 111
73 74 111
74 74 111
75 74 111
76 74 111
77 74 111
78 74 111
79 74 111
71 72 111
72 72 111
73 72 111
74 72 111
75 72 111
76 72 111
77 72 111
78 72 111
73 71 111
75 71 111
76 71 111
77 71 111
72 73 111
73 73 111
74 73 111
75 73 111
76 73 111
77 73 111
78 73 111
71 75 111
72 75 111
73 75 111
74 75 111
75 75 111
76 75 111
77 75 111
78 75 111
79 75 111
72 76 111
73 76 111
74 76 111
75 76 111
76 76 111
77 76 111
78 76 111
72 78 111
73 78 111
74 78 111
75 78 111
76 78 111
77 78 111
78 78 111
74 79 111
71 74 112
72 74 112
73 74 112
74 74 112
75 74 112
76 74 112
77 74 112
72 73 112
73 73 112
74 73 112
75 73 112
76 73 112
77 73 112
78 73 112
73 72 112
74 72 112
75 72 112
76 72 112
77 72 112
76 71 112
72 75 112
73 75 112
74 75 112
75 75 112
76 75 112
77 75 112
72 76 112
73 76 112
74 76 112
75 76 112
76 76 112
77 76 112
72 77 112
73 77 112
74 77 112
75 77 112
76 77 112
77 77 112
72 78 112
74 78 112
76 78 112
72 75 113
73 75 113
74 75 113
75 75 113
76 75 113
77 75 113
73 74 113
74 74 113
75 74 113
76 74 113
77 74 113
74 73 113
75 73 113
76 73 113
75 72 113
76 72 113
73 76 113
74 76 113
75 76 113
76 76 113
77 76 113
74 77 113
75 77 113
76 77 113
77 77 113
73 75 114
74 75 114
75 75 114
74 74 114
75 74 114
76 74 114
76 73 114
77 75 114
75 76 114
76 76 114
77 76 114

---
--------------
