New run of the Duchamp sourcefinder: Wed Nov 22 13:44:26 2006
Executing statement : ./Duchamp -p verification/input1 
---- Parameters ----
Image to be analysed.........................[imageFile]  =  verification/verificationCube.fits
Intermediate Logfile...........................[logFile]  =  verification/log1.txt
Final Results file.............................[outFile]  =  verification/results1.txt
Spectrum file..............................[spectraFile]  =  verification/spectra1.ps
Display a map in a pgplot xwindow?.........[flagXOutput]  =  true
------
Searching for Negative features?..........[flagNegative]  =  false
Fixing Blank Pixels?......................[flagBlankPix]  =  false
Removing Milky Way channels?....................[flagMW]  =  false
Beam Size (pixels)......................................  =  10.1788
Removing baselines before search?.........[flagBaseline]  =  false
Minimum # Pixels in a detection.................[minPix]  =  2
Minimum # Channels in a detection..........[minChannels]  =  2
Growing objects after detection?............[flagGrowth]  =  false
Hanning-smoothing each spectrum first?......[flagSmooth]  =  false
Using A Trous reconstruction?...............[flagATrous]  =  false
Using FDR analysis?............................[flagFDR]  =  false
SNR Threshold (in sigma)........................[snrCut]  =  3
Using Adjacent-pixel criterion?...........[flagAdjacent]  =  true
Max. velocity separation for merging....[threshVelocity]  =  7
Method of spectral plotting.............[spectralMethod]  =  peak
--------------------
--------------------------------------------------------------------------------
 Obj#     X     Y     Z     F_tot    F_peak S/Nmax  X1  X2  Y1  Y2  Z1  Z2  Npix
                        [Jy/beam] [Jy/beam]                                [pix]
--------------------------------------------------------------------------------
    1  22.0 13.00  95.5     6.449     3.385   3.34  22  22  13  13  95  96     2
    2  70.0 40.00  37.5     6.441     3.354   3.31  70  70  40  40  37  38     2
    3  24.6 25.00  19.9  1432.511    10.011   9.90  18  31  19  31  16  25   285
    4  25.4 24.86  19.9  2383.479    11.489  11.37  18  32  20  30  14  26   451
    5  25.0 24.99  20.2  2450.325    11.489  11.37  20  31  19  31  13  26   468
    6  92.5 99.00  36.0     6.422     3.290   3.25  92  93  99  99  36  36     2
    7  71.2 22.25  46.2    14.988     4.078   4.03  71  72  22  23  46  47     4
    8  74.6 25.08  41.9  1946.697    11.766  11.64  69  81  19  31  36  47   371
    9  75.2 24.77  41.9  2255.148    11.766  11.64  69  80  19  31  36  47   433
   10  75.4 25.18  41.9  1970.361    10.504  10.39  69  81  20  31  36  49   375
   11  26.5  8.00  64.0     7.153     4.042   3.99  26  27   8   8  64  64     2
   12  49.7 50.00  63.2  1547.065    10.926  10.81  44  56  44  55  59  67   298
   13  49.7 50.04  64.1  2299.520    10.926  10.81  43  56  43  56  58  70   427
   14  50.5 49.60  64.1  2552.143    10.731  10.62  44  57  43  55  58  70   483
   15  64.5  4.50  71.0     6.824     3.628   3.58  64  65   4   5  71  71     2
   16  23.5 76.50  79.0     6.792     3.711   3.66  23  24  76  77  79  79     2
   17  25.4 74.78  83.0   327.896     7.474   7.39  21  31  69  79  83  84    68
   18  95.5 14.50  84.0     6.664     3.448   3.40  95  96  14  15  84  84     2
   19  24.7 75.20  86.0   575.419    10.445  10.33  19  30  69  81  86  87   100
   20  25.2 75.26  86.1  2462.870    10.445  10.33  19  32  69  82  81  92   468
   21  24.6 74.99  86.2  2657.224    10.403  10.29  19  30  69  81  80  91   519
   22  49.5  0.50 104.0     6.698     3.351   3.31  49  50   0   1 104 104     2
   23  80.0 69.50 111.0     6.675     3.501   3.45  80  80  69  70 111 111     2
   24  75.2 75.31 107.9  1982.623    11.304  11.19  69  81  69  80 102 115   365
   25  74.4 75.15 108.1  1358.459    11.304  11.19  69  81  70  81 103 113   278
   26  74.2 74.39 107.7  1318.609     9.280   9.18  69  81  69  81 103 114   260
   27  75.6 75.21 108.4  1998.492    10.913  10.80  69  81  69  81 102 114   375
   28  21.5 94.00 123.0     6.457     3.406   3.36  21  22  94  94 123 123     2
=-=-=-=-=-=-=-
Cube summary
=-=-=-=-=-=-=-
100x100x128
5 detections:
--------------
Detection #1
  27   24   13  3.186
  23   24   14  3.132
  24   23   14  3.695
  27   22   14  3.69
  27   24   14  4.178
  24   28   14  3.176
  28   24   14  3.726
  24   27   15  3.573
  29   25   15  4.252
  24   22   15  3.727
  24   25   15  5.078
  22   26   15  3.782
  21   25   15  3.206
  22   27   15  3.885
  25   24   15  4.466
  27   22   15  3.274
  24   24   15  3.061
  26   24   15  3.259
  24   23   15  3.366
  27   24   15  4.125
  24   28   15  3.173
  28   25   15  3.267
  23   25   15  4.08
  25   25   15  4.274
  26   27   15  3.906
  26   21   15  3.718
  27   25   15  4.681
  25   22   15  3.349
  24   26   15  3.169
  27   26   15  5.357
  27   27   16  3.461
  26   28   16  5.011
  23   23   16  4.988
  27   22   16  3.763
  24   22   16  3.952
  25   21   16  3.342
  24   21   16  4.907
  23   22   16  4.918
  23   24   16  3.513
  21   26   16  3.429
  25   27   16  3.208
  23   27   16  3.848
  27   29   16  3.226
  25   29   16  3.66
  22   22   16  3.206
  25   22   16  3.344
  26   22   16  4.153
  24   29   16  4.789
  29   28   16  3.084
  28   28   16  5.405
  23   30   16  3.535
  25   24   16  3.323
  26   21   16  3.552
  27   26   16  4.366
  26   29   16  4.235
  21   23   16  3.714
  27   28   16  4.788
  22   23   16  3.068
  25   28   16  3.097
  26   27   16  3.845
  24   27   16  4.636
  26   26   16  4.748
  24   26   16  4.813
  27   25   16  5.835
  29   26   16  4.494
  23   28   16  3.218
  23   26   16  4.829
  24   23   16  4.602
  27   24   16  3.801
  26   25   16  3.723
  28   25   16  3.158
  25   25   16  4.891
  23   25   16  3.319
  30   24   16  4.161
  29   24   16  6.164
  28   24   16  4.308
  26   24   16  3.854
  26   23   16  5.062
  24   24   16  5.591
  22   24   16  5.869
  21   24   16  3.107
  27   23   16  4.142
  25   23   16  5.404
  22   25   16  3.134
  25   26   16  4.668
  25   30   17  3.12
  29   27   17  3.2
  25   27   17  5.871
  23   28   17  3.58
  24   28   17  5.481
  23   22   17  3.426
  26   28   17  3.183
  22   22   17  3.603
  23   27   17  3.948
  22   27   17  4.951
  26   29   17  3.821
  26   22   17  5.902
  29   26   17  3.949
  27   30   17  3.343
  26   21   17  4.712
  20   27   17  4.071
  21   27   17  3.378
  27   26   17  5.318
  21   23   17  3.95
  22   23   17  4.94
  21   25   17  3.559
  23   20   17  3.432
  23   21   17  3.274
  24   22   17  5.439
  23   23   17  3.32
  25   23   17  6.472
  27   20   17  3.11
  25   26   17  6.592
  24   23   17  5
  27   21   17  3.128
  27   22   17  4.873
  28   22   17  3.051
  29   22   17  3.354
  27   23   17  4.799
  28   23   17  3.226
  23   26   17  5.078
  30   23   17  3.338
  26   23   17  6.055
  22   24   17  4.847
  24   24   17  7.899
  26   24   17  7.722
  28   24   17  5.452
  29   24   17  3.992
  23   25   17  7.306
  25   25   17  7.457
  27   25   17  7.101
  29   25   17  3.059
  22   26   17  5.95
  24   26   17  7.709
  26   26   17  4.865
  23   24   17  5.757
  28   26   17  4.024
  30   26   17  3.502
  28   25   17  6.967
  25   24   17  7.747
  24   27   17  7.109
  26   27   17  6.019
  28   27   17  5.767
  31   27   17  3.384
  27   24   17  5.034
  25   28   17  5.159
  22   25   17  4.297
  27   28   17  5.178
  24   25   17  6.442
  23   29   17  3.34
  26   25   17  6.098
  27   29   17  3.582
  27   27   17  4.944
  24   27   18  7.417
  21   22   18  3.894
  20   24   18  3.524
  26   25   18  9.167
  21   27   18  4.089
  24   25   18  7.072
  22   25   18  5.247
  27   24   18  6.784
  29   23   18  4.476
  25   20   18  4.712
  21   29   18  3.148
  22   28   18  5.24
  25   24   18  8.735
  28   25   18  4.637
  22   21   18  4.139
  25   21   18  4.411
  23   24   18  6.013
  27   29   18  4.597
  24   22   18  5.298
  25   22   18  6.567
  25   29   18  6.394
  21   24   18  5.524
  23   29   18  4.449
  27   22   18  4.731
  28   22   18  5.361
  29   22   18  3.388
  23   23   18  4.511
  25   23   18  6.707
  26   23   18  6.083
  27   23   18  6.062
  23   26   18  6.622
  28   23   18  6.577
  30   23   18  3.566
  22   24   18  4.391
  27   28   18  4.531
  24   24   18  6.671
  25   28   18  4.632
  24   23   18  6.761
  25   26   18  9.307
  24   21   18  4.493
  28   27   18  5.629
  26   24   18  7.777
  28   24   18  5.249
  29   24   18  3.884
  30   24   18  3.452
  21   25   18  3.996
  29   28   18  5.753
  22   23   18  5.272
  27   26   18  8.268
  26   27   18  7.373
  23   25   18  7.339
  22   30   18  3.886
  27   30   18  3.273
  25   25   18  9.708
  27   25   18  7.641
  29   26   18  3.853
  26   29   18  4.37
  26   22   18  6.339
  28   28   18  4.128
  29   25   18  4.193
  22   27   18  5.688
  30   25   18  4.082
  23   27   18  5.617
  26   28   18  5.786
  22   26   18  6.601
  24   28   18  3.951
  23   22   18  7.016
  23   28   18  4.506
  24   26   18  7.7
  26   26   18  8.669
  25   27   18  8.604
  29   27   18  5.662
  28   26   18  5.865
  27   27   18  4.376
  30   26   18  4.114
  23   30   18  3.105
  22   22   18  3.436
  23   20   19  4.029
  25   25   19  9.607
  27   25   19  10.01
  29   25   19  4.294
  27   27   19  6.654
  30   25   19  3.133
  31   25   19  3.469
  28   25   19  6.141
  22   26   19  6.874
  21   27   19  4.03
  24   26   19  7.796
  26   26   19  9.405
  29   27   19  3.454
  21   28   19  4.11
  28   26   19  6.802
  26   25   19  8.289
  30   26   19  3.22
  24   27   19  7.909
  25   27   19  6.683
  26   27   19  8.783
  23   28   19  7.965
  24   25   19  9.284
  28   27   19  3.245
  30   27   19  3.048
  25   28   19  4.736
  27   28   19  4.418
  24   28   19  6.359
  30   28   19  3.304
  22   25   19  5.909
  22   29   19  5.082
  23   29   19  4.786
  20   25   19  5.64
  25   29   19  5.121
  27   29   19  4.06
  24   30   19  3.616
  26   28   19  8.713
  25   31   19  3.286
  23   21   19  4.339
  22   23   19  3.885
  24   23   19  7.442
  27   24   19  8.704
  23   27   19  6.798
  28   28   19  5.602
  23   24   19  8.548
  26   22   19  6.762
  24   21   19  5.86
  22   21   19  4.017
  25   20   19  4.231
  22   22   19  4.363
  24   29   19  3.831
  25   24   19  9.512
  21   24   19  3.854
  26   23   19  8.502
  23   22   19  7.145
  24   20   19  3.204
  19   29   19  3.51
  19   27   19  3.09
  26   29   19  7.056
  20   28   19  4.294
  18   23   19  3.358
  19   24   19  3.193
  26   20   19  4.656
  27   20   19  3.783
  25   21   19  4.899
  26   21   19  4.412
  29   26   19  4.119
  27   21   19  3.85
  28   30   19  3.412
  28   21   19  3.199
  24   22   19  4.827
  25   22   19  5.723
  27   22   19  4.244
  27   26   19  5.388
  28   22   19  4.541
  29   22   19  4.564
  23   23   19  5.987
  25   23   19  9.849
  27   23   19  7.944
  28   23   19  5.971
  25   26   19  9.083
  22   24   19  7.406
  21   21   19  4.881
  24   24   19  8.999
  21   22   19  3.77
  26   24   19  9.181
  23   26   19  7.273
  20   23   19  3.294
  28   24   19  7.868
  21   23   19  3.879
  29   24   19  4.371
  21   26   19  4.303
  30   24   19  4.035
  21   25   19  4.753
  20   24   19  3.709
  23   25   19  7.317
  27   21   20  3.924
  24   21   20  6.205
  27   27   20  7.98
  22   22   20  5.126
  23   22   20  6.428
  26   22   20  5.008
  22   23   20  5.25
  24   23   20  8.237
  26   23   20  9.346
  29   27   20  5.819
  21   24   20  4.994
  23   24   20  8.146
  22   21   20  3.608
  25   27   20  8.16
  23   20   20  3.264
  23   28   20  5.216
  25   20   20  3.144
  24   20   20  3.782
  25   24   20  11.23
  27   24   20  8.013
  24   28   20  5.713
  20   25   20  3.803
  22   25   20  6.057
  24   25   20  9.387
  24   31   20  3.253
  26   30   20  3.831
  23   30   20  4.312
  23   27   20  7.578
  26   28   20  7.746
  29   29   20  3.5
  28   29   20  3.383
  27   29   20  4.936
  25   29   20  4.145
  28   28   20  5.267
  23   29   20  5.307
  22   29   20  3.544
  21   29   20  5.223
  27   28   20  5.066
  25   28   20  6.704
  24   29   20  6.166
  22   28   20  6.225
  21   28   20  3.467
  28   27   20  6.77
  26   27   20  8.792
  24   27   20  6.885
  29   26   20  5.275
  26   29   20  4.856
  22   27   20  7.859
  21   27   20  5.218
  25   30   20  5.195
  30   26   20  4.864
  28   26   20  3.795
  26   26   20  8.287
  24   26   20  8.222
  28   30   20  4.063
  22   26   20  5.833
  20   26   20  3.318
  27   26   20  7.774
  31   25   20  3.327
  27   25   20  8.564
  25   25   20  10.4
  23   25   20  8.24
  21   25   20  6.552
  25   26   20  10.21
  30   24   20  4.153
  29   24   20  4.443
  28   24   20  7.66
  26   24   20  9.749
  23   26   20  7.427
  24   24   20  9.646
  22   24   20  7.047
  20   24   20  6.177
  21   26   20  3.869
  30   23   20  3.321
  29   23   20  4.048
  28   23   20  5.893
  27   23   20  7.23
  25   23   20  8.498
  23   23   20  7.137
  21   23   20  4.846
  29   22   20  4.727
  28   25   20  6.947
  28   22   20  4.861
  27   22   20  4.852
  25   22   20  6.935
  24   22   20  4.762
  21   22   20  4.404
  26   25   20  10.09
  28   21   20  3.563
  20   29   20  3.217
  20   23   20  3.98
  21   21   20  3.177
  25   19   20  3.403
  25   21   20  4.423
  26   21   20  3.698
  23   21   20  4.092
  26   30   21  4.146
  30   26   21  3.095
  26   25   21  11.49
  22   24   21  5.642
  22   27   21  5.033
  22   22   21  5.395
  24   30   21  3.371
  28   25   21  5.628
  24   23   21  7.262
  24   24   21  10.65
  27   30   21  3.41
  29   25   21  3.498
  25   27   21  8.959
  30   25   21  3.928
  26   24   21  8.838
  21   26   21  5.456
  27   29   21  5.152
  28   24   21  5.632
  23   26   21  6.462
  24   27   21  8.928
  29   24   21  4.73
  22   23   21  6.078
  25   26   21  9.829
  23   29   21  3.868
  21   25   21  7.649
  20   28   21  3.077
  30   27   21  3.252
  27   26   21  8.869
  26   27   21  8.598
  21   22   21  3.665
  20   23   21  4.438
  21   23   21  3.631
  25   30   21  3.102
  23   25   21  7.23
  26   29   21  6.013
  29   26   21  6.722
  23   21   21  3.093
  20   24   21  3.598
  28   27   21  6.821
  24   29   21  6.604
  25   25   21  8.91
  19   25   21  3.634
  26   22   21  6.323
  20   26   21  4.252
  28   28   21  4.765
  24   25   21  8.891
  21   27   21  5.725
  22   28   21  4.58
  26   28   21  7.001
  23   27   21  6.696
  21   28   21  3.461
  32   21   21  3.361
  20   29   21  3.06
  31   22   21  3.15
  30   21   21  3.328
  27   20   21  3.567
  20   22   21  3.088
  22   25   21  6.835
  18   24   21  3.105
  20   25   21  3.343
  18   23   21  3.089
  31   26   21  3.736
  31   24   21  4.292
  19   27   21  3.05
  23   20   21  3.15
  27   25   21  7.084
  27   24   21  9.487
  24   28   21  6.567
  32   23   21  3.114
  24   20   21  3.627
  24   21   21  4.979
  25   20   21  4.983
  25   24   21  9.395
  23   28   21  6.406
  23   22   21  5.501
  22   26   21  5.113
  25   21   21  3.668
  23   24   21  8.434
  26   21   21  4.548
  27   21   21  6.043
  28   21   21  4.043
  27   27   21  3.457
  24   22   21  7.442
  21   24   21  4.887
  25   22   21  5.953
  24   26   21  9.001
  25   28   21  6.366
  27   22   21  5.16
  26   26   21  10.33
  28   22   21  6.405
  25   29   21  5.055
  29   22   21  4.614
  28   26   21  3.963
  26   23   21  8.033
  23   23   21  6.744
  29   27   21  3.508
  25   23   21  6.996
  27   23   21  7.541
  22   21   21  3.739
  28   23   21  5.44
  29   23   21  4.153
  27   28   21  6.182
  30   23   21  3.636
  26   27   22  7.03
  27   25   22  7.262
  26   23   22  7.103
  28   25   22  6.79
  31   25   22  3.692
  23   21   22  4.061
  29   25   22  4.574
  30   25   22  4.656
  21   26   22  5.309
  29   27   22  3.353
  23   26   22  6.355
  21   24   22  3.218
  22   26   22  5.835
  25   26   22  8.977
  23   28   22  4.47
  24   21   22  4.767
  27   30   22  4.025
  27   26   22  7.21
  26   30   22  3.372
  23   30   22  4.734
  25   30   22  6.015
  26   29   22  4.853
  29   26   22  4.56
  27   29   22  4.574
  24   29   22  4.573
  25   29   22  4.997
  22   29   22  3.516
  24   26   22  7.826
  28   28   22  6.445
  27   27   22  6.362
  21   23   22  3.742
  26   28   22  4.946
  23   27   22  6.118
  24   25   22  7.853
  20   24   22  4.305
  23   29   22  5.172
  19   25   22  3.767
  21   27   22  5.018
  21   28   22  4.769
  21   29   22  4.216
  27   28   22  6.29
  26   26   22  8.281
  22   25   22  6.302
  28   26   22  4.955
  24   28   22  6.064
  25   28   22  6.314
  30   26   22  4.74
  27   24   22  7.666
  22   28   22  3.481
  22   27   22  6.608
  25   24   22  7.962
  24   27   22  7.441
  28   27   22  6.545
  26   25   22  8.286
  23   24   22  6.239
  19   24   22  4.387
  25   21   22  5.324
  24   22   22  5.879
  25   22   22  7.099
  27   21   22  4.412
  28   19   22  4.281
  28   20   22  3.267
  28   21   22  3.567
  29   21   22  4.252
  27   22   22  5.401
  28   22   22  4.108
  29   22   22  3.634
  23   23   22  7.192
  25   23   22  7.423
  27   23   22  6.671
  28   23   22  4.675
  29   23   22  4.191
  30   23   22  3.582
  22   24   22  5.064
  24   24   22  8.448
  26   24   22  8.733
  28   24   22  6.35
  29   24   22  5.211
  22   22   22  5.028
  30   24   22  3.419
  21   25   22  5.518
  23   22   22  3.752
  26   22   22  4.679
  23   25   22  6.228
  25   27   22  6.728
  22   23   22  7.357
  25   25   22  8.189
  24   23   22  6.737
  22   21   22  4.794
  26   25   23  7.011
  28   25   23  6.702
  21   26   23  4.96
  23   26   23  6.067
  23   21   23  3.805
  25   26   23  6.774
  24   21   23  4.559
  27   26   23  6.273
  25   30   23  3.88
  24   29   23  4.342
  22   29   23  3.23
  28   28   23  4.539
  26   28   23  4.039
  20   24   23  3.376
  20   25   23  3.579
  21   25   23  3.559
  24   20   23  3.161
  25   19   23  3.955
  25   20   23  3.73
  26   20   23  3.304
  25   21   23  4.834
  26   21   23  3.077
  24   22   23  3.785
  25   22   23  5.383
  27   22   23  4.93
  28   22   23  4.064
  29   22   23  3.058
  23   23   23  4.81
  25   23   23  7.334
  27   23   23  5.234
  28   23   23  3.315
  29   23   23  3.45
  30   23   23  3.227
  22   24   23  4.871
  24   24   23  7.725
  26   24   23  7.507
  28   24   23  5.396
  23   25   23  4.034
  25   25   23  5.074
  27   25   23  4.339
  24   26   23  6.455
  26   26   23  7.348
  28   26   23  4.402
  21   27   23  4.181
  22   27   23  3.997
  24   27   23  5.38
  26   27   23  7.158
  28   27   23  4.02
  25   28   23  4.473
  27   28   23  4.747
  29   28   23  3.305
  25   29   23  3.152
  27   29   23  3.421
  28   29   23  3.334
  30   29   23  3.793
  26   30   23  3.799
  30   30   23  3.512
  25   31   23  3.612
  22   22   23  3.258
  27   27   23  5.408
  26   22   23  5.803
  22   23   23  4.075
  24   23   23  6.046
  26   23   23  5.986
  29   27   23  3.087
  24   25   23  5.643
  22   25   23  4.773
  24   28   23  4.687
  27   24   23  5.052
  25   24   23  5.766
  23   27   23  6.214
  23   24   23  6.949
  25   27   23  4.916
  24   25   24  4.71
  23   24   24  3.347
  25   24   24  5.173
  27   24   24  4.5
  22   25   24  4.74
  24   28   24  4.799
  20   24   24  3.423
  23   29   24  3.333
  27   28   24  4.381
  25   28   24  4.221
  23   28   24  4.601
  23   27   24  5.556
  31   27   24  3.507
  26   20   24  3.591
  26   27   24  4.297
  24   27   24  6.314
  30   26   24  3.121
  26   23   24  4.279
  28   26   24  3.566
  26   26   24  6.615
  29   22   24  3.796
  24   23   24  4.033
  24   26   24  4.627
  29   25   24  3.493
  27   25   24  4.616
  25   25   24  6.127
  23   25   24  4.544
  26   24   24  3.835
  26   22   24  3.851
  24   24   24  4.745
  27   23   24  4.469
  27   27   24  4.923
  25   23   24  3.531
  23   23   24  3.624
  22   22   24  3.567
  25   22   24  3.1
  24   22   24  4.756
  23   22   24  3.241
  26   28   24  3.812
  20   23   24  3.26
  25   26   24  5.797
  23   26   24  3.47
  28   25   24  4.288
  25   27   24  5.161
  26   25   24  5.453
  25   27   25  3.723
  25   26   25  4.593
  23   27   25  3.238
  24   23   25  3.545
  27   28   25  3.27
  26   27   25  4.535
  24   27   25  4.794
  28   26   25  3.967
  24   26   25  3.918
  27   25   25  4.319
  25   25   25  4.047
  26   24   25  3.575
  24   24   25  3.551
  25   22   25  3.984
  23   25   25  3.137
  22   24   25  3.73
  21   25   25  3.594
  26   29   25  4.142
  25   24   25  4.908
  27   24   25  3.384
  26   25   25  4.141
  24   24   26  3.416
  27   24   26  4.226
  28   27   26  3.311
  27   26   26  4.556
  23   24   26  3.392
  25   23   26  3.461
  22   24   26  3.965
---
Detection #2
  74   23   36  4.257
  79   24   36  3.56
  75   24   36  3.765
  76   25   36  4.275
  74   22   36  3.521
  75   22   36  3.492
  79   23   36  3.362
  73   23   36  3.747
  76   26   36  3.124
  74   26   36  3.25
  77   26   36  4.35
  74   24   37  3.386
  76   26   37  3.475
  76   29   37  3.657
  72   24   37  3.516
  76   25   37  4.74
  77   26   37  3.181
  75   24   37  4.314
  75   29   37  3.108
  73   25   37  4.257
  75   26   37  4.09
  78   26   37  3.199
  76   22   37  3.204
  74   28   37  4.027
  73   23   37  4.153
  77   24   37  3.469
  74   27   37  5.447
  76   23   37  3.709
  78   27   37  3.973
  76   24   37  4.507
  74   26   37  4.287
  78   25   37  3.077
  78   24   38  3.13
  73   27   38  4.887
  70   23   38  3.055
  70   24   38  4.456
  73   28   38  4.953
  74   22   38  3.764
  77   22   38  3.719
  76   23   38  4.326
  78   23   38  3.495
  73   23   38  3.518
  75   26   38  4.56
  75   24   38  4.006
  72   22   38  3.76
  74   27   38  3.359
  80   26   38  4.365
  77   24   38  5.177
  79   24   38  3.678
  75   23   38  5.329
  72   26   38  3.474
  74   25   38  4.782
  77   26   38  6.758
  77   25   38  4.047
  73   22   38  3.164
  74   26   38  5.443
  73   26   38  4.781
  76   22   38  3.657
  76   26   38  5.784
  74   23   38  5.436
  78   25   38  3.205
  78   26   38  3.888
  72   27   38  3.382
  72   24   38  3.367
  75   25   38  5.033
  75   27   38  3.788
  73   24   38  4.892
  76   25   38  4.961
  78   27   38  4.185
  75   28   38  3.304
  73   25   38  3.849
  78   28   38  3.754
  74   24   38  7.164
  72   25   38  5.642
  76   27   38  4.138
  76   24   38  4.408
  71   25   38  3.242
  73   29   38  3.359
  77   25   39  6.39
  76   23   39  6.147
  78   24   39  5.631
  76   24   39  6.922
  70   25   39  4.086
  71   25   39  4.119
  72   25   39  5.955
  74   24   39  6.149
  73   24   39  5.378
  73   25   39  4.896
  71   24   39  4.135
  79   23   39  4.424
  77   23   39  3.777
  78   26   39  4.062
  76   25   39  7.449
  75   25   39  7.291
  72   24   39  6.204
  74   23   39  7.541
  76   26   39  6.146
  78   25   39  4.293
  75   22   39  4.704
  73   22   39  5.262
  78   23   39  3.814
  77   21   39  4.784
  76   21   39  4.135
  75   21   39  3.844
  74   21   39  3.828
  74   26   39  6.617
  72   26   39  3.78
  75   23   39  6.423
  77   26   39  6.021
  80   26   39  3.538
  72   27   39  3.132
  75   27   39  6.534
  78   27   39  3.623
  79   26   39  4.397
  74   27   39  5.088
  75   26   39  7.907
  73   23   39  5.327
  72   28   39  5.569
  75   28   39  4.401
  78   28   39  4.575
  77   29   39  4.712
  74   25   39  5.394
  73   26   39  7.036
  77   27   39  4.337
  70   27   39  3.344
  73   28   39  3.905
  76   28   39  4.39
  70   26   39  3.695
  75   24   39  5.312
  73   27   39  6.542
  76   29   39  4.113
  74   22   39  4.267
  72   22   39  3.265
  78   29   39  3.854
  75   29   39  3.097
  79   25   39  4.985
  77   28   39  5.257
  77   24   39  4.819
  76   27   39  7.06
  74   28   39  3.576
  79   24   39  5.581
  78   24   40  6.428
  79   28   40  4.079
  78   28   40  5.463
  73   29   40  4.265
  76   28   40  6.691
  75   28   40  5.351
  73   28   40  4.977
  72   28   40  4.783
  74   29   40  3.443
  74   28   40  4.345
  79   27   40  5.246
  78   27   40  5.148
  77   27   40  7.579
  75   27   40  7.069
  74   27   40  8.552
  72   27   40  4.944
  76   27   40  7.073
  77   28   40  5.218
  71   27   40  3.632
  79   26   40  4.901
  78   26   40  6.349
  77   26   40  8.552
  76   29   40  5.353
  76   26   40  7.384
  74   26   40  6.739
  73   26   40  7.834
  77   29   40  3.21
  75   29   40  3.718
  71   26   40  3.35
  79   25   40  4.232
  78   25   40  6.505
  77   25   40  5.861
  76   25   40  6.206
  72   30   40  3.169
  78   29   40  3.208
  74   25   40  8.578
  73   25   40  7.625
  71   25   40  5.306
  80   24   40  3.501
  79   24   40  3.972
  73   30   40  3.817
  74   30   40  3.566
  72   31   40  3.217
  73   27   40  6.159
  70   27   40  3.762
  75   26   40  8.616
  72   26   40  4.234
  75   25   40  8.461
  72   25   40  5.841
  74   24   40  8.846
  72   24   40  5.446
  75   23   40  5.613
  73   23   40  6.539
  71   23   40  4.698
  74   22   40  7.006
  72   22   40  4.325
  71   22   40  3.741
  71   29   40  4.09
  70   25   40  3.261
  69   23   40  3.734
  70   23   40  3.522
  73   21   40  3.132
  74   21   40  3.303
  74   19   40  3.424
  75   20   40  5.643
  76   20   40  4.259
  77   20   40  4.058
  78   19   40  3.228
  75   21   40  3.95
  76   21   40  5.085
  77   21   40  4.758
  78   21   40  3.733
  79   21   40  3.834
  73   22   40  3.747
  75   22   40  6.986
  76   22   40  6.244
  78   22   40  3.415
  79   22   40  3.844
  72   23   40  5.482
  74   23   40  7.213
  76   23   40  9.557
  77   23   40  6.149
  78   23   40  5.308
  79   23   40  4.354
  80   23   40  3.101
  71   24   40  3.47
  73   24   40  8.998
  75   24   40  9.189
  76   24   40  8.166
  77   24   40  6.638
  72   21   40  3.846
  78   26   41  5.857
  76   25   41  7.685
  79   30   41  3.145
  72   22   41  5.772
  76   22   41  6.309
  78   29   41  3.731
  72   28   41  5.305
  78   30   41  3.577
  78   22   41  3.989
  72   24   41  4.608
  75   29   41  4.069
  78   23   41  6.473
  71   22   41  3.537
  72   23   41  4.13
  78   25   41  6.683
  71   23   41  3.908
  73   28   41  6.219
  77   28   41  6.874
  75   30   41  3.793
  74   23   41  7.949
  75   24   41  8.172
  77   24   41  9.248
  71   26   41  6.985
  74   28   41  7.801
  75   25   41  10.05
  78   27   41  4.688
  77   23   41  5.927
  71   28   41  3.181
  79   24   41  5.808
  73   27   41  6.353
  73   30   41  4.618
  76   27   41  6.006
  70   27   41  4.137
  76   28   41  6.014
  74   25   41  7.647
  79   23   41  3.628
  77   25   41  9.167
  74   26   41  9.512
  75   27   41  7.68
  79   25   41  7.828
  71   24   41  3.263
  80   29   41  3.27
  77   29   41  5.097
  72   21   41  3.628
  73   29   41  4.731
  75   23   41  8.546
  73   24   41  8.718
  77   26   41  5.896
  75   26   41  8.712
  73   26   41  5.572
  72   20   41  3.914
  72   25   41  6.826
  74   29   41  4.343
  76   24   41  9.625
  76   29   41  5.212
  76   26   41  8.306
  79   26   41  4.681
  71   20   41  3.113
  72   27   41  3.918
  78   24   41  6.514
  72   29   41  4.344
  76   20   41  4.161
  73   19   41  3.525
  71   27   41  3.414
  80   24   41  3.494
  72   26   41  4.68
  74   21   41  6.581
  73   20   41  3.818
  74   20   41  3.965
  75   21   41  4.2
  76   19   41  3.817
  78   21   41  3.45
  71   25   41  6.259
  74   27   41  6.973
  76   21   41  3.192
  79   20   41  3.422
  79   21   41  3.429
  80   28   41  4.314
  77   21   41  5.934
  74   24   41  9.193
  73   23   41  7.131
  73   25   41  7.262
  74   22   41  7.497
  73   22   41  6.201
  77   27   41  7.69
  77   22   41  6.522
  79   22   41  4.958
  75   28   41  5.018
  75   22   41  5.314
  79   27   41  4.002
  76   23   41  9.032
  79   30   42  3.682
  71   30   42  3.483
  73   24   42  6.985
  75   24   42  9.659
  77   20   42  3.086
  75   29   42  4.591
  79   25   42  6.687
  71   21   42  3.47
  80   21   42  3.704
  70   22   42  3.49
  69   28   42  3.264
  77   28   42  6.133
  81   24   42  4.44
  77   25   42  8.888
  70   27   42  3.506
  70   28   42  4.072
  74   28   42  8.111
  77   24   42  7.963
  77   29   42  3.849
  71   28   42  3.572
  71   29   42  3.406
  75   23   42  7.699
  76   27   42  7.208
  81   25   42  4.15
  74   25   42  8.437
  74   29   42  5.157
  79   28   42  5.101
  73   27   42  7.304
  76   24   42  8.478
  75   28   42  7.687
  77   26   42  7.957
  76   28   42  6.51
  72   28   42  3.627
  75   26   42  7.436
  70   25   42  3.16
  78   27   42  5.971
  79   22   42  4.145
  75   27   42  9.447
  79   20   42  3.192
  78   24   42  6.771
  72   27   42  4.353
  73   26   42  9.656
  79   24   42  5.362
  72   26   42  7.603
  80   24   42  3.145
  78   26   42  8.408
  79   26   42  5.831
  75   20   42  3.529
  76   20   42  3.588
  78   28   42  5.16
  74   24   42  9.493
  74   21   42  4.97
  78   21   42  4.107
  75   21   42  6.221
  71   25   42  4.172
  74   22   42  7.902
  71   27   42  4.17
  76   21   42  4.089
  73   29   42  4.367
  76   23   42  7.729
  77   21   42  4.411
  73   25   42  8.392
  74   30   42  3.775
  76   30   42  4.783
  73   22   42  6.413
  72   20   42  4.684
  73   23   42  8.31
  79   21   42  3.795
  75   22   42  6.19
  76   26   42  10.34
  74   27   42  8.981
  76   29   42  5.143
  76   22   42  5.71
  72   24   42  6.502
  78   22   42  3.947
  76   25   42  9.069
  73   21   42  3.546
  72   23   42  6.565
  77   27   42  7.063
  70   24   42  4.493
  75   25   42  10.2
  74   23   42  9.018
  78   25   42  6.942
  72   22   42  4.086
  77   30   42  3.282
  77   23   42  6.368
  79   27   42  4.087
  71   22   42  4.938
  77   22   42  5.761
  79   23   42  5.817
  71   26   42  5.081
  76   31   42  4.416
  71   23   42  5.912
  71   24   42  7.588
  78   23   42  6.515
  73   28   42  6.194
  74   26   42  9.208
  72   25   42  7.447
  70   26   43  4.287
  75   29   43  4.897
  72   21   43  3.069
  73   21   43  3.121
  77   28   43  5.32
  72   22   43  4.498
  74   28   43  5.453
  74   22   43  6.538
  71   28   43  4.101
  70   23   43  4.009
  76   27   43  9.046
  71   23   43  3.451
  73   27   43  5.838
  74   20   43  3.782
  75   19   43  3.096
  75   20   43  5.019
  76   20   43  3.915
  75   21   43  4.207
  76   21   43  5.941
  77   21   43  4.146
  78   21   43  3.522
  79   21   43  3.184
  73   22   43  8.004
  75   22   43  8.348
  76   22   43  7.626
  77   22   43  4.188
  78   22   43  4.12
  79   22   43  4.355
  72   23   43  5.924
  74   23   43  7.878
  76   23   43  7.444
  77   23   43  6.941
  78   23   43  5.725
  79   23   43  5.437
  80   23   43  3.936
  81   23   43  3.726
  71   24   43  5.451
  73   24   43  6.365
  75   24   43  8.565
  76   24   43  9.59
  77   24   43  10.5
  78   24   43  7.077
  79   24   43  4.468
  80   24   43  5.481
  69   25   43  3.274
  71   25   43  7.652
  73   25   43  8.207
  74   25   43  10.49
  76   25   43  11.77
  77   25   43  8.192
  78   25   43  6.428
  79   25   43  5.028
  80   25   43  3.156
  71   26   43  4.833
  73   26   43  8.609
  74   26   43  7.323
  76   26   43  8.342
  77   26   43  7.853
  78   26   43  5.51
  79   26   43  3.054
  80   26   43  3.061
  71   27   43  4.275
  72   27   43  5.882
  74   27   43  8.512
  75   27   43  8.066
  77   27   43  7.433
  78   27   43  4.088
  79   27   43  3.482
  80   27   43  3.416
  81   27   43  3.342
  72   28   43  4.009
  73   28   43  5.124
  75   28   43  5.615
  76   28   43  6.591
  78   28   43  5.068
  79   28   43  3.831
  73   29   43  5.784
  74   29   43  3.96
  76   29   43  5.288
  77   29   43  3.695
  78   29   43  4.068
  73   30   43  3.065
  75   30   43  3.394
  78   30   43  3.284
  76   31   43  3.083
  73   23   43  6.572
  75   23   43  8.111
  69   24   43  3.399
  75   26   43  9.774
  70   24   43  3.403
  72   24   43  6.348
  74   24   43  8.559
  70   25   43  4.346
  72   25   43  8.246
  72   26   43  6.448
  75   25   43  10.21
  71   30   43  4.003
  77   29   44  4.522
  78   26   44  5.18
  75   21   44  4.789
  76   26   44  9.902
  70   26   44  3.705
  76   21   44  3.544
  76   20   44  5.759
  73   26   44  6.137
  73   22   44  5.835
  79   25   44  5.328
  75   22   44  6.612
  77   25   44  8.395
  75   25   44  7.517
  76   22   44  4.704
  78   22   44  4.766
  74   25   44  8.685
  72   23   44  5.471
  75   19   44  3.617
  74   23   44  6.037
  79   24   44  4.391
  77   23   44  4.867
  77   24   44  8.686
  79   23   44  4.799
  75   24   44  7.506
  72   25   44  8.073
  71   24   44  3.751
  80   23   44  3.223
  72   27   44  5.066
  73   24   44  6.657
  78   23   44  4.873
  72   26   44  5.179
  76   24   44  8.56
  76   23   44  6.696
  78   24   44  5.296
  79   22   44  4.336
  74   24   44  7.556
  75   27   44  6.747
  71   25   44  3.794
  79   21   44  3.359
  77   22   44  4.841
  73   25   44  7.341
  73   20   44  3.927
  72   24   44  5.921
  78   27   44  3.655
  76   25   44  8.324
  72   28   44  4.316
  78   25   44  5.393
  69   24   44  3.603
  80   25   44  4.177
  71   26   44  3.461
  75   28   44  5.751
  75   23   44  7.051
  74   26   44  9.375
  75   26   44  9.537
  77   26   44  4.227
  73   23   44  6.135
  79   26   44  5.428
  80   26   44  4.227
  71   27   44  4.963
  80   28   44  3.112
  74   27   44  6.87
  74   29   44  5.062
  77   27   44  6.079
  79   27   44  3.971
  80   27   44  3.865
  73   28   44  4.508
  70   23   44  4.348
  76   28   44  6.04
  78   28   44  3.509
  73   27   44  6.231
  76   29   44  4.824
  78   29   44  3.485
  75   30   44  3.756
  74   22   44  6.948
  76   27   44  6.461
  72   22   44  5.078
  71   28   44  3.42
  74   21   44  4.388
  73   21   44  4.488
  74   28   44  4.956
  72   21   44  3.778
  77   28   44  5.085
  72   29   44  3.625
  75   29   44  6.41
  79   24   45  3.655
  76   29   45  3.2
  76   28   45  4.992
  73   28   45  5.698
  79   27   45  3.789
  77   27   45  7.124
  74   27   45  4.762
  79   26   45  3.974
  77   26   45  6.252
  73   26   45  3.363
  74   26   45  5.153
  71   26   45  3.394
  78   25   45  4.297
  76   25   45  4.55
  73   25   45  6.153
  76   26   45  4.668
  71   25   45  3.869
  78   24   45  4.269
  76   24   45  7.628
  73   24   45  5.978
  71   24   45  3.981
  79   23   45  4.704
  77   23   45  3.667
  74   23   45  5.813
  78   22   45  3.403
  75   22   45  4.327
  73   22   45  3.668
  77   21   45  4.196
  75   21   45  4.596
  76   20   45  3.461
  78   26   45  4.625
  72   27   45  4.199
  75   27   45  6.243
  78   27   45  3.925
  72   28   45  5.174
  74   29   45  3.103
  77   29   45  4.431
  79   25   45  4.866
  75   29   45  3.083
  72   29   45  3.136
  77   25   45  4.928
  77   28   45  5.514
  74   28   45  4.504
  74   25   45  5.204
  76   27   45  5.921
  73   27   45  5.145
  75   26   45  7.365
  72   26   45  4.167
  70   26   45  3.136
  75   25   45  6.54
  77   22   45  3.996
  72   25   45  6.151
  70   28   45  3.241
  74   24   45  5.977
  76   23   45  4.405
  72   24   45  5.668
  71   29   45  3.425
  78   23   45  5.326
  75   23   45  7.948
  73   23   45  3.916
  70   24   45  4.021
  75   24   45  6.562
  74   22   45  5.886
  74   21   45  4.12
  77   24   45  5.063
  73   30   45  4.11
  74   30   45  3.417
  74   31   45  3.579
  71   22   46  3.954
  77   22   46  3.728
  77   21   46  3.681
  76   22   46  3.637
  74   23   46  3.359
  73   25   46  4.288
  71   25   46  3.447
  72   28   46  3.748
  71   27   46  3.477
  77   28   46  3.781
  74   28   46  4.938
  73   27   46  4.676
  71   23   46  3.834
  75   26   46  4.559
  72   22   46  4.078
  75   25   46  5.639
  72   25   46  5.019
  74   24   46  3.934
  75   23   46  3.567
  74   22   46  5.076
  77   29   46  4.082
  74   29   46  4.615
  78   28   46  3.658
  76   28   46  3.805
  75   28   46  5.3
  78   27   46  3.377
  77   27   46  3.083
  75   27   46  4.364
  74   27   46  3.903
  79   26   46  3.63
  78   26   46  3.526
  77   26   46  3.057
  76   26   46  5.744
  74   26   46  4.365
  73   26   46  4.407
  79   25   46  3.787
  78   25   46  3.865
  77   25   46  5.393
  76   25   46  5.193
  74   25   46  5.271
  78   24   46  3.676
  77   24   46  3.325
  76   24   46  4.108
  75   24   46  6.367
  76   23   46  4.501
  76   27   47  3.051
  76   26   47  3.621
  77   25   47  4.574
  73   26   47  4.635
  76   23   47  3.502
  75   22   47  3.864
  73   22   47  3.163
  73   24   47  4.892
  74   27   47  3.871
  77   26   47  3.562
  74   26   47  4.461
  78   25   47  3.144
  76   25   47  3.392
  73   25   47  3.77
  71   22   47  3.122
  78   26   47  3.479
  71   25   47  3.199
  74   23   47  3.443
  75   26   47  3.962
  75   25   47  4.75
  76   26   48  3.929
  72   24   48  3.554
  72   25   48  3.319
  76   26   49  3.063
---
Detection #3
  49   50   58  4.032
  52   50   58  4.168
  47   51   59  3.955
  53   53   59  4.584
  51   49   59  3.76
  49   49   59  4.173
  46   49   59  3.538
  48   49   59  5.538
  50   48   59  5.234
  52   48   59  3.277
  53   54   59  3.761
  50   49   59  3.786
  53   49   59  3.233
  51   48   59  3.443
  49   50   59  3.429
  50   51   59  3.159
  50   52   59  3.075
  47   48   59  3.233
  52   47   59  3.886
  52   50   59  4.139
  49   51   59  3.498
  53   50   60  3.576
  48   50   60  5.129
  49   49   60  4.867
  51   48   60  4.417
  49   51   60  4.104
  52   50   60  3.928
  50   49   60  5.019
  48   49   60  4.095
  52   47   60  3.187
  47   49   60  4.456
  50   48   60  4.657
  48   48   60  4.255
  51   46   60  4.1
  49   47   60  4.455
  47   47   60  3.404
  53   53   60  3.408
  51   49   60  5.297
  49   52   60  4.035
  53   52   60  4.877
  46   51   60  4.363
  45   51   60  3.207
  45   50   60  4.977
  44   50   60  3.211
  51   51   60  4.281
  47   51   60  4.171
  48   47   60  3.875
  50   50   60  6.519
  52   49   60  4.357
  47   48   60  4.373
  50   54   60  3.182
  50   53   60  4.984
  49   53   60  3.507
  54   52   60  4.271
  52   52   60  3.448
  50   47   60  3.385
  50   52   60  4.713
  48   52   60  4.203
  49   48   60  4.116
  51   52   60  3.165
  52   51   60  4.755
  50   51   60  4.728
  48   51   60  3.291
  51   50   60  3.96
  49   50   60  5.892
  47   50   60  5.053
  46   52   61  4.362
  54   50   61  3.317
  52   50   61  5.248
  47   51   61  6.48
  49   51   61  6.671
  50   50   61  7.76
  51   51   61  6.659
  53   51   61  4.785
  54   51   61  4.181
  48   50   61  5.372
  47   52   61  5.903
  49   52   61  6.42
  51   52   61  7.169
  52   46   61  4.363
  53   52   61  5.496
  53   49   61  5.034
  48   53   61  4.286
  51   53   61  4.426
  49   54   61  3.286
  52   49   61  5.407
  51   54   61  3.995
  51   49   61  6.426
  49   49   61  6.722
  48   47   61  4.084
  47   45   61  3.103
  48   46   61  4.956
  51   55   61  4.666
  50   55   61  3.353
  53   54   61  3.226
  52   54   61  3.94
  48   54   61  4.42
  50   47   61  4.134
  53   48   61  5.275
  46   54   61  3.27
  52   53   61  5.032
  50   53   61  5.933
  49   53   61  4.85
  47   53   61  3.19
  45   53   61  3.085
  51   47   61  4.264
  47   47   61  3.345
  52   52   61  7.143
  50   52   61  4.617
  48   52   61  3.477
  55   51   61  3.093
  52   51   61  6.132
  50   51   61  7.457
  46   50   61  3.991
  52   47   61  3.834
  52   48   61  4.188
  48   51   61  5.273
  51   50   61  7.454
  49   50   61  6.125
  47   50   61  6.58
  53   47   61  3.808
  50   45   61  3.091
  50   49   61  5.212
  48   49   61  4.284
  56   47   61  3.861
  55   47   61  3.252
  54   48   61  3.963
  51   48   61  5.252
  50   48   61  7.484
  48   48   61  3.901
  53   46   61  3.158
  49   46   61  4.367
  47   48   61  6.065
  44   52   61  3.141
  49   47   61  4.003
  48   44   61  3.119
  46   46   61  3.33
  46   49   61  4.95
  45   49   61  3.593
  49   48   61  6.377
  45   52   61  4.207
  53   50   61  4.849
  52   52   62  5.717
  49   48   62  6.836
  50   53   62  6.117
  52   53   62  4.702
  53   53   62  3.103
  48   54   62  5.231
  47   48   62  3.848
  51   48   62  6.679
  50   54   62  4.047
  52   54   62  4.383
  54   54   62  3.078
  48   45   62  3.131
  50   45   62  3.626
  54   47   62  3.44
  53   47   62  4.66
  52   48   62  5.466
  46   53   62  3.75
  46   50   62  4.488
  52   47   62  4.371
  46   48   62  5.609
  47   47   62  5.862
  49   46   62  4.487
  51   47   62  4.191
  53   48   62  7.653
  48   46   62  3.217
  50   47   62  4.983
  47   45   62  3.652
  46   47   62  3.194
  47   49   62  7.729
  49   45   62  5.761
  48   47   62  3.897
  49   49   62  8.115
  51   45   62  3.907
  49   47   62  6.375
  51   49   62  9.37
  49   55   62  3.711
  51   54   62  5.936
  54   46   62  4.321
  45   48   62  3.53
  52   49   62  7.905
  49   54   62  4.624
  48   48   62  5.416
  55   46   62  4.387
  51   53   62  5.621
  50   48   62  7.693
  48   53   62  4.834
  46   49   62  4.154
  48   49   62  8.08
  53   49   62  5.844
  54   52   62  5.636
  53   52   62  4.544
  50   49   62  9.241
  51   52   62  7.052
  52   46   62  4.906
  54   49   62  3.698
  49   52   62  6.217
  47   50   62  5.569
  55   49   62  3.209
  47   52   62  5.298
  47   53   62  3.938
  54   51   62  4.476
  49   50   62  9.658
  48   50   62  6.663
  51   50   62  9.921
  53   51   62  3.816
  46   51   62  3.474
  51   51   62  8.462
  51   46   62  5.409
  49   51   62  7.069
  48   51   62  6.367
  50   50   62  9.467
  50   51   62  7.706
  55   52   62  3.071
  47   51   62  4.662
  52   51   62  6.849
  55   54   62  3.201
  55   55   62  3.983
  50   44   62  3.5
  46   52   62  4.23
  52   50   62  6.8
  55   50   62  4.492
  54   50   62  3.989
  48   52   62  6.232
  53   50   62  7.5
  50   46   62  4.602
  49   56   62  3.772
  50   52   62  6.993
  51   43   63  3.335
  53   53   63  4.408
  55   53   63  3.834
  53   50   63  6.115
  53   47   63  4.358
  46   54   63  3.169
  48   54   63  4.333
  53   49   63  5.352
  50   54   63  6.347
  48   53   63  6.936
  54   50   63  4.681
  52   47   63  5.732
  52   54   63  4.96
  54   54   63  3.118
  49   53   63  6.45
  48   55   63  3.458
  55   50   63  3.734
  48   46   63  3.049
  50   55   63  3.892
  52   50   63  9.02
  51   55   63  3.285
  53   48   63  6.272
  51   47   63  7.265
  47   51   63  6.219
  47   47   63  3.254
  51   53   63  8.787
  53   46   63  3.33
  50   44   63  4.215
  49   46   63  4.524
  46   48   63  3.955
  50   46   63  6.366
  48   47   63  6.781
  50   50   63  7.397
  49   51   63  10.06
  50   47   63  5.996
  54   53   63  3.121
  45   49   63  4.113
  51   46   63  3.559
  52   45   63  3.908
  54   46   63  3.78
  52   46   63  6.328
  49   54   63  4.524
  51   51   63  8.822
  45   47   63  4.02
  46   50   63  4.309
  46   47   63  3.762
  49   47   63  7.317
  52   49   63  8.694
  55   47   63  3.423
  51   54   63  6.251
  45   51   63  3.482
  53   51   63  5.205
  45   48   63  4.137
  45   52   63  4.976
  48   48   63  8.399
  53   54   63  3.386
  50   48   63  9.94
  46   53   63  3.527
  48   50   63  9.584
  54   51   63  4.115
  56   48   63  3.27
  47   54   63  4.967
  49   55   63  4.711
  46   49   63  4.106
  48   49   63  8.289
  52   48   63  6.512
  47   52   63  6.037
  50   49   63  8.318
  45   50   63  4.618
  47   50   63  5.845
  49   50   63  9.333
  51   50   63  8.74
  55   49   63  3.498
  51   49   63  10.36
  49   52   63  8.603
  51   48   63  7.721
  56   50   63  3.371
  46   51   63  5.788
  48   51   63  7.673
  50   51   63  8.436
  52   51   63  6.901
  54   49   63  4.496
  49   48   63  8.678
  51   52   63  7.793
  49   49   63  10.24
  46   52   63  4.054
  48   52   63  6.338
  50   52   63  7.687
  52   52   63  7.908
  47   48   63  4.49
  47   49   63  7.049
  45   53   63  3.131
  53   52   63  4.642
  47   53   63  5.034
  55   48   63  4.586
  54   47   63  3.303
  54   48   63  5.823
  54   52   63  3.201
  50   53   63  7.417
  52   53   63  6.455
  46   51   64  5.672
  53   50   64  8.534
  47   54   64  4.463
  43   46   64  3.479
  51   54   64  3.731
  46   47   64  3.247
  48   52   64  6.555
  54   50   64  4.822
  50   47   64  6.679
  53   54   64  4.692
  49   47   64  6.468
  52   50   64  7.811
  55   50   64  3.93
  52   46   64  3.664
  51   43   64  3.049
  44   50   64  3.608
  49   55   64  4.276
  47   51   64  6.386
  51   48   64  7.459
  52   55   64  3.217
  50   46   64  4.375
  50   45   64  4.284
  45   48   64  3.487
  51   45   64  3.979
  50   50   64  10.21
  49   51   64  8.482
  51   49   64  10.43
  43   51   64  3.108
  51   44   64  3.144
  50   55   64  5.815
  54   54   64  3.274
  50   49   64  10.12
  52   54   64  5.686
  51   51   64  9.414
  49   49   64  7.933
  49   45   64  3.788
  48   48   64  7.27
  50   54   64  5.598
  50   56   64  3.053
  52   45   64  3.698
  47   49   64  7.546
  53   51   64  5.717
  48   54   64  4.218
  55   48   64  3.734
  54   48   64  3.511
  49   56   64  3.723
  48   50   64  8.639
  54   51   64  6.601
  49   48   64  10.46
  53   53   64  6.628
  53   45   64  3.609
  52   53   64  5.099
  48   51   64  9.029
  47   52   64  5.37
  52   51   64  8.681
  50   53   64  6.471
  53   46   64  5.089
  55   49   64  3.618
  47   53   64  4.505
  49   52   64  9.874
  49   46   64  5.001
  47   48   64  6.619
  52   52   64  5.917
  56   52   64  4.213
  54   49   64  6.075
  55   51   64  3.314
  51   52   64  8.609
  50   48   64  7.404
  50   51   64  9.105
  50   52   64  6.832
  44   51   64  3.353
  46   49   64  5.596
  49   50   64  10.15
  48   49   64  8.072
  53   52   64  6.588
  53   48   64  7.267
  48   46   64  5.105
  53   49   64  6.023
  54   52   64  4.309
  53   47   64  4.563
  47   50   64  5.465
  47   47   64  6.014
  55   52   64  3.711
  48   45   64  3.341
  52   47   64  6.064
  56   49   64  3.727
  48   53   64  4.054
  46   48   64  4.738
  46   52   64  3.848
  49   53   64  7.042
  51   50   64  8.866
  45   49   64  3.129
  46   46   64  3.056
  53   44   64  3.442
  52   43   64  3.247
  45   46   64  4.117
  51   53   64  5.652
  47   46   64  5.956
  51   47   64  7.146
  51   46   64  6.16
  44   45   64  3.231
  46   50   64  4.516
  45   47   64  3.651
  54   53   64  3.384
  48   47   64  4.369
  45   51   64  4.415
  45   52   64  4.854
  52   49   64  9.456
  49   54   64  4.507
  52   48   64  9.304
  46   53   64  4.572
  53   50   65  5.999
  46   47   65  3.602
  47   47   65  5.376
  52   50   65  7.625
  54   50   65  4.073
  49   47   65  5.577
  46   48   65  5.695
  55   50   65  4.343
  48   48   65  8.584
  50   48   65  9.318
  47   51   65  6.168
  45   49   65  4.246
  46   49   65  5.178
  48   49   65  8.262
  50   49   65  8.64
  50   50   65  9.281
  49   51   65  10
  56   47   65  3.608
  46   50   65  4.004
  47   50   65  7.125
  49   50   65  9.75
  51   50   65  9.814
  46   51   65  5.329
  51   51   65  9.128
  48   51   65  7.469
  50   51   65  10.55
  52   51   65  7.588
  56   51   65  3.262
  48   50   65  7.617
  53   51   65  4.845
  57   50   65  3.489
  46   52   65  4.863
  54   51   65  4.595
  48   52   65  6.623
  50   52   65  10.73
  52   52   65  6.414
  55   49   65  4.143
  47   52   65  5.157
  46   53   65  4.712
  47   53   65  5.352
  54   49   65  3.736
  49   52   65  8.155
  50   53   65  6.331
  52   53   65  4.847
  51   52   65  7.656
  53   53   65  6.178
  46   54   65  3.74
  47   54   65  3.229
  48   54   65  3.235
  53   49   65  5.097
  53   52   65  5.014
  50   54   65  5.477
  54   52   65  5.347
  52   54   65  3.799
  48   55   65  4.1
  55   52   65  3.084
  50   55   65  3.663
  48   53   65  5.053
  49   48   65  6.426
  49   53   65  7.27
  50   45   65  3.4
  51   45   65  3.27
  51   53   65  6.543
  52   46   65  3.589
  52   45   65  4.12
  53   45   65  3.469
  51   46   65  4.575
  54   53   65  5.191
  47   48   65  5.715
  52   49   65  7.732
  49   54   65  5.236
  52   48   65  7.058
  49   46   65  5.931
  51   54   65  3.925
  51   47   65  7.499
  50   46   65  4.792
  53   54   65  3.41
  53   46   65  4.034
  49   55   65  3.076
  52   55   65  4.124
  53   48   65  5.719
  48   47   65  4.996
  51   49   65  10.33
  51   44   65  3.317
  53   47   65  4.765
  51   48   65  6.744
  49   49   65  7.781
  50   47   65  7.72
  52   47   65  7.012
  47   49   65  7.912
  55   48   65  3.124
  49   45   65  3.949
  45   54   65  3.097
  45   48   65  3.346
  46   46   65  3.165
  47   45   65  3.078
  48   44   65  3.393
  48   45   65  5.035
  50   44   65  3.202
  47   46   65  4.427
  48   46   65  4.538
  47   48   66  5.651
  54   50   66  3.782
  53   50   66  4.96
  51   46   66  3.216
  50   46   66  5.361
  47   51   66  6.77
  54   55   66  3.058
  50   55   66  4.117
  50   50   66  9.498
  49   51   66  7.266
  52   54   66  4.35
  50   54   66  4.659
  56   53   66  3.056
  53   53   66  3.663
  52   53   66  4.152
  51   51   66  8.022
  50   53   66  7.175
  47   53   66  4.61
  48   50   66  8.476
  53   51   66  5.442
  52   52   66  3.664
  54   51   66  5.234
  50   52   66  8.608
  55   49   66  3.499
  47   52   66  6.51
  48   52   66  7.763
  49   52   66  6.788
  46   52   66  3.89
  51   52   66  8.705
  55   51   66  3.462
  52   51   66  4.66
  53   49   66  6.961
  53   52   66  4.682
  54   52   66  3.171
  50   51   66  10.93
  55   52   66  3.164
  48   53   66  5.966
  49   53   66  7.109
  48   51   66  8.011
  51   53   66  3.384
  51   50   66  8.514
  49   50   66  9.907
  52   49   66  7.111
  54   53   66  3.205
  49   54   66  4.777
  47   50   66  6.086
  51   54   66  3.28
  56   48   66  3.853
  53   54   66  3.346
  50   49   66  8.162
  51   49   66  7.01
  48   49   66  5.318
  49   49   66  5.992
  46   49   66  5.926
  47   49   66  7.2
  49   45   66  3.465
  54   48   66  3.54
  50   48   66  8.146
  48   48   66  6.239
  49   47   66  4.996
  48   45   66  4.642
  47   45   66  4.657
  53   48   66  6.02
  48   46   66  5.222
  45   51   66  3.129
  47   47   66  5.493
  45   53   66  3.861
  46   48   66  4.961
  48   47   66  4.881
  45   49   66  3.449
  50   47   66  4.826
  52   48   66  6.926
  46   50   66  3.733
  51   47   66  7.319
  48   55   66  4.002
  52   47   66  6.019
  51   48   66  6.36
  53   47   66  4.731
  49   48   66  6.008
  54   47   66  3.734
  52   50   66  7.641
  53   50   67  6.725
  54   47   67  3.932
  53   47   67  3.088
  47   48   67  5.157
  49   48   67  4.637
  51   47   67  4.083
  51   48   67  4.621
  50   47   67  4.866
  46   50   67  3.09
  52   51   67  4.667
  48   47   67  5.169
  45   49   67  3.942
  46   48   67  3.748
  52   48   67  4.236
  48   52   67  5.21
  53   48   67  3.488
  50   52   67  7.092
  52   52   67  5.125
  47   53   67  4.904
  50   53   67  4.345
  50   54   67  6.467
  47   49   67  4.106
  49   49   67  6.468
  51   49   67  5.721
  51   54   67  3.624
  49   54   67  4.731
  52   49   67  4.603
  51   53   67  4.969
  49   53   67  5.89
  54   52   67  4.387
  53   49   67  4.273
  51   52   67  5.115
  49   52   67  6.2
  47   52   67  4.621
  54   51   67  3.133
  53   51   67  6.077
  46   53   67  3.763
  51   51   67  7.61
  48   50   67  6.706
  47   46   67  3.471
  55   48   67  3.785
  54   49   67  5.272
  49   51   67  6.778
  46   54   67  4.006
  48   45   67  3.831
  49   46   67  4.572
  49   47   67  6.238
  48   48   67  5.074
  50   48   67  5.718
  48   49   67  5.504
  47   51   67  6.009
  50   51   67  4.447
  50   49   67  7.931
  50   46   67  5.425
  47   50   67  6.018
  51   46   67  4.023
  50   50   67  9.474
  49   50   67  7.056
  48   51   67  5.586
  51   50   67  7.537
  52   50   67  5.304
  47   55   67  3.086
  54   50   67  3.142
  52   50   68  5.486
  46   46   68  3.168
  53   48   68  3.682
  47   49   68  3.689
  49   49   68  4.876
  47   51   68  4.132
  51   51   68  5.079
  51   49   68  5.827
  48   50   68  6.381
  51   53   68  4.686
  48   47   68  3.749
  50   47   68  3.965
  51   47   68  4.055
  49   48   68  4.534
  51   48   68  3.811
  52   48   68  6.431
  52   49   68  4.01
  50   50   68  5.847
  49   53   68  4.392
  49   51   68  5.647
  51   52   68  5.843
  53   49   68  4.243
  49   52   68  4.074
  50   54   68  3.47
  52   53   68  4.853
  53   51   68  5.194
  50   53   68  4.063
  53   52   68  3.068
  52   52   68  4.575
  50   52   68  4.914
  48   52   68  3.644
  50   51   68  5.454
  51   50   68  5.59
  49   50   68  5.238
  47   50   68  4.111
  50   49   68  4.251
  48   49   68  5.745
  50   48   68  3.745
  48   48   68  3.445
  52   47   68  3.907
  49   47   68  4.787
  49   46   68  3.822
  47   47   68  3.617
  51   50   69  3.481
  50   50   69  4.283
  50   49   69  3.672
  50   51   69  3.108
  51   49   69  5.084
  52   49   69  4.765
  48   49   69  3.658
  48   48   69  3.681
  49   50   69  6.452
  51   51   69  3.174
  48   50   69  3.159
  52   51   69  3.653
  48   54   69  3.546
  48   52   69  3.305
  47   53   69  3.374
  50   53   69  3.565
  49   49   69  3.719
  50   49   70  3.313
  48   49   70  3.137
  52   50   70  3.095
  53   49   70  3.266
  52   48   70  3.769
  51   47   70  3.911
  49   49   70  4.126
  52   49   70  3.389
  50   51   70  4.31
---
Detection #4
  24   77   79  3.711
  23   76   79  3.081
  25   74   80  3.147
  24   74   80  3.215
  24   76   81  4.005
  22   73   81  3.801
  25   77   81  3.234
  24   73   81  3.238
  26   78   81  3.169
  27   78   81  3.432
  26   77   81  3.26
  25   73   81  3.591
  26   72   81  3.46
  25   78   81  3.616
  22   74   81  3.997
  26   74   81  3.971
  22   75   81  3.064
  28   76   81  4.632
  27   75   81  3.579
  26   76   81  3.243
  28   73   81  3.923
  28   74   81  3.491
  24   75   81  5.191
  28   75   81  3.785
  22   76   81  4.136
  23   72   81  3.57
  25   76   81  3.371
  26   75   81  3.566
  23   76   81  3.496
  29   75   82  3.61
  25   79   82  4.629
  24   75   82  6.048
  25   72   82  4.369
  23   80   82  3.727
  25   73   82  4.337
  22   72   82  3.542
  23   76   82  4.079
  26   78   82  3.494
  23   74   82  5.071
  27   72   82  3.144
  24   78   82  3.51
  27   73   82  4.034
  24   79   82  3.559
  22   73   82  4.387
  23   78   82  3.815
  22   74   82  3.683
  26   75   82  6.869
  26   77   82  5.176
  27   74   82  5.673
  24   74   82  4.544
  24   77   82  3.624
  26   74   82  4.718
  28   74   82  3.362
  22   77   82  3.26
  25   74   82  5.537
  24   72   82  3.234
  30   76   82  3.304
  27   76   82  4.482
  25   78   82  4.023
  28   76   82  3.863
  25   77   82  3.591
  23   77   82  5.943
  26   76   82  6.212
  23   72   82  3.294
  25   75   82  3.637
  24   76   82  4.27
  24   73   82  3.89
  27   75   82  4.283
  29   73   82  3.262
  26   71   82  3.538
  25   76   82  5.298
  25   76   83  5.903
  27   75   83  6.862
  29   75   83  3.061
  23   77   83  5.471
  25   75   83  7.076
  22   76   83  6.322
  24   76   83  5.559
  23   75   83  4.895
  26   76   83  5.499
  28   76   83  6.64
  25   77   83  6.15
  28   74   83  4.06
  30   76   83  4.341
  23   74   83  6.164
  26   74   83  7.245
  22   77   83  4.605
  21   77   83  3.618
  24   74   83  6.553
  25   74   83  5.668
  24   77   83  4.915
  22   74   83  3.666
  26   77   83  5.868
  27   77   83  5.321
  21   74   83  3.192
  28   77   83  3.734
  27   74   83  5.175
  27   73   83  5.211
  30   77   83  4.19
  22   75   83  5.142
  24   78   83  6.857
  25   73   83  7.474
  27   79   83  3.513
  29   76   83  4.936
  26   78   83  4.528
  28   78   83  3.35
  25   79   83  3.266
  25   72   83  6.348
  30   73   83  3.895
  22   79   83  4
  23   73   83  4.576
  24   75   83  4.954
  22   73   83  3.356
  23   79   83  3.778
  22   70   83  4.267
  23   76   83  7.04
  23   69   83  3.393
  29   73   83  3.923
  26   72   83  4.393
  27   76   83  5.943
  24   72   83  3.631
  23   78   83  4.208
  26   75   83  7.079
  23   72   83  3.137
  27   78   83  3.972
  25   78   83  5.811
  21   76   83  5.228
  26   69   83  3.634
  24   73   83  5.553
  28   75   83  4.09
  21   72   83  3.367
  25   70   83  3.771
  26   71   83  5.499
  26   70   83  3.381
  28   73   83  4.106
  28   72   83  3.715
  24   71   83  4.643
  26   73   83  4.058
  31   73   83  3.403
  29   74   83  3.502
  23   72   84  4.694
  25   76   84  7.552
  26   73   84  5.489
  21   73   84  3.9
  21   71   84  3.679
  20   73   84  3.404
  28   73   84  4.153
  22   72   84  3.651
  23   76   84  6.565
  25   81   84  3.788
  27   80   84  3.318
  19   75   84  3.615
  24   73   84  6.754
  29   73   84  5.316
  27   76   84  8.77
  29   79   84  3.079
  26   79   84  4.642
  24   79   84  4.935
  27   72   84  4.896
  30   73   84  3.821
  25   72   84  6.859
  27   71   84  4.014
  29   76   84  3.39
  23   74   84  7.293
  21   77   84  4.245
  22   79   84  3.212
  21   79   84  4.259
  28   78   84  5.916
  26   78   84  6.484
  24   78   84  6.709
  23   77   84  5.874
  25   77   84  6.777
  25   74   84  7.145
  23   70   84  3.319
  22   78   84  4.559
  30   77   84  3.647
  28   77   84  5.485
  26   77   84  7.612
  24   77   84  7.315
  24   80   84  3.813
  22   80   84  3.094
  27   74   84  6.961
  24   69   84  3.176
  22   77   84  5.445
  30   76   84  4.578
  28   76   84  5.97
  26   76   84  6.839
  24   76   84  6.554
  23   71   84  3.472
  22   76   84  6.981
  20   76   84  4.184
  30   75   84  3.049
  27   77   84  5.935
  22   75   84  7.685
  24   71   84  4.933
  29   75   84  5.733
  27   75   84  7.034
  25   75   84  7.3
  23   75   84  6.707
  27   79   84  3.563
  25   79   84  4.995
  29   77   84  3.915
  24   75   84  6.939
  21   76   84  3.203
  21   75   84  3.162
  28   74   84  4.713
  26   74   84  7.929
  24   74   84  6.394
  22   74   84  4.247
  23   79   84  5.67
  21   78   84  4.352
  23   78   84  5.94
  26   75   84  8.662
  27   78   84  5.69
  21   74   84  5.115
  20   74   84  3.892
  31   72   84  3.6
  27   73   84  6.384
  25   73   84  8.011
  25   78   84  4.096
  28   75   84  6.107
  25   71   84  4.174
  23   73   84  6.969
  22   73   84  3.381
  28   70   84  3.211
  26   72   84  5.749
  24   72   84  6.992
  26   69   84  3.873
  25   78   85  7.156
  28   75   85  7.19
  26   75   85  8.508
  21   76   85  3.634
  24   75   85  9.653
  22   75   85  8.062
  29   74   85  5.506
  27   74   85  8.07
  25   74   85  9.33
  23   74   85  8.611
  30   73   85  4.743
  29   73   85  5.712
  23   76   85  9.343
  22   70   85  3.967
  28   73   85  5.052
  23   70   85  4.03
  24   70   85  3.307
  21   71   85  3.202
  22   71   85  3.844
  23   71   85  6.565
  25   76   85  10.4
  26   73   85  7.736
  24   71   85  4.452
  25   71   85  4.38
  21   72   85  3.396
  24   73   85  8.071
  22   72   85  4.399
  23   72   85  6.024
  24   72   85  5.561
  27   76   85  8.365
  26   72   85  7.349
  27   72   85  5.925
  21   73   85  4.681
  22   73   85  4.958
  25   72   85  6.018
  23   73   85  7.904
  27   71   85  4.249
  29   76   85  4.846
  26   71   85  5.274
  25   73   85  7.735
  27   73   85  8.359
  20   74   85  3.489
  21   74   85  4.219
  22   74   85  4.42
  24   74   85  7.73
  21   77   85  3.942
  26   74   85  9.688
  28   74   85  6.346
  19   75   85  3.24
  21   75   85  4.36
  23   75   85  7.517
  25   75   85  8.949
  23   77   85  6.23
  27   75   85  5.871
  29   75   85  5.21
  24   80   85  3.495
  22   76   85  5.219
  24   76   85  8.067
  26   76   85  7.744
  28   76   85  6.546
  25   77   85  7.957
  20   77   85  4.609
  22   80   85  3.694
  22   77   85  4.744
  27   79   85  7.249
  24   77   85  7.477
  26   77   85  8.185
  27   77   85  7.595
  28   77   85  6.271
  22   78   85  4.939
  25   79   85  6.165
  24   78   85  6.107
  26   78   85  7.072
  28   78   85  5.54
  29   77   85  5.635
  22   79   85  3.828
  23   79   85  3.461
  24   79   85  5.905
  26   79   85  3.083
  28   79   85  4.911
  21   78   85  3.858
  23   80   85  3.482
  25   70   85  4.562
  26   70   85  3.505
  23   78   85  5.444
  27   78   85  4.498
  28   72   85  5.185
  29   71   85  4.201
  19   76   85  4.024
  29   78   85  4.49
  26   80   85  4.411
  23   81   85  3.436
  24   81   85  5.275
  28   81   86  3.597
  21   78   86  3.254
  30   72   86  3.851
  29   73   86  5.446
  20   77   86  3.631
  20   78   86  3.238
  30   77   86  4.019
  29   77   86  5.126
  28   73   86  4.053
  27   73   86  9.709
  28   77   86  6.469
  27   77   86  6.815
  26   77   86  8.486
  21   80   86  3.48
  26   73   86  7.558
  25   77   86  9.674
  24   77   86  7.086
  23   77   86  7.243
  22   71   86  3.759
  25   73   86  8.25
  22   77   86  4.317
  21   77   86  3.83
  24   70   86  5.365
  24   69   86  3.803
  24   73   86  9.724
  30   76   86  4.411
  29   76   86  5.812
  28   76   86  6.604
  23   70   86  3.357
  23   73   86  5.745
  22   70   86  4.027
  27   76   86  7.51
  26   76   86  9.671
  25   76   86  9.744
  22   73   86  3.91
  21   73   86  4.52
  24   76   86  9.081
  23   76   86  7.509
  22   76   86  5.439
  20   73   86  3.376
  27   72   86  6.936
  26   72   86  7.895
  21   76   86  3.971
  30   75   86  4.485
  29   75   86  5.561
  28   75   86  7.095
  27   75   86  7.53
  26   75   86  10.45
  25   72   86  7.046
  25   75   86  10.02
  24   75   86  8.949
  23   75   86  10.19
  24   72   86  6.094
  23   72   86  5.089
  22   72   86  4.538
  22   75   86  6.551
  21   75   86  4.172
  20   75   86  3.32
  21   72   86  4.994
  28   71   86  5.211
  27   71   86  4.8
  29   74   86  6.479
  28   74   86  7.123
  27   70   86  4.544
  26   71   86  5.824
  26   81   86  3.548
  29   80   86  3.079
  27   74   86  6.734
  25   71   86  4.326
  26   74   86  7.58
  28   80   86  3.156
  24   71   86  6.432
  25   80   86  5.106
  23   80   86  3.751
  25   74   86  9.813
  22   80   86  3.17
  28   79   86  3.627
  27   79   86  4.769
  24   74   86  7.707
  26   79   86  5.178
  25   79   86  4.425
  24   79   86  3.876
  23   74   86  9.206
  23   71   86  5.767
  21   71   86  3.816
  23   79   86  4.373
  22   79   86  3.405
  28   78   86  4.453
  22   74   86  7.82
  21   74   86  5.755
  27   78   86  5.573
  26   78   86  8.077
  25   78   86  7.571
  20   74   86  3.498
  20   72   86  4.922
  24   78   86  7.441
  23   78   86  6.006
  19   75   86  3.432
  22   78   86  3.169
  25   74   87  9.687
  27   70   87  3.218
  25   78   87  7.363
  26   71   87  4.858
  27   71   87  5.815
  27   78   87  3.524
  28   71   87  3.53
  25   72   87  5.544
  27   72   87  5.725
  29   78   87  3.302
  28   72   87  4.163
  23   78   87  6.909
  30   77   87  3.482
  29   72   87  3.066
  23   79   87  3.84
  24   73   87  8.523
  26   73   87  8.751
  29   77   87  4.309
  28   73   87  5.625
  26   80   87  3.076
  25   79   87  5.651
  23   80   87  3.632
  28   79   87  4.425
  26   79   87  5.008
  24   79   87  5.933
  22   79   87  4.319
  20   79   87  3.147
  27   77   87  7.809
  27   79   87  6.538
  28   78   87  5.316
  26   78   87  6.955
  24   78   87  7.073
  22   78   87  5.359
  20   78   87  3.055
  25   77   87  6.424
  23   81   87  3.113
  28   77   87  7.019
  26   77   87  7.832
  24   77   87  7.87
  23   77   87  9.785
  22   77   87  7.19
  20   77   87  3.048
  21   77   87  3.767
  32   76   87  3.492
  30   76   87  4.426
  31   76   87  3.436
  28   76   87  7.821
  29   76   87  5.023
  26   76   87  9.457
  24   76   87  7.957
  22   76   87  7.847
  29   75   87  4.843
  27   76   87  7.491
  27   75   87  6.675
  25   75   87  8.49
  23   75   87  9.244
  21   75   87  6.096
  25   76   87  9.33
  30   74   87  3.899
  28   74   87  4.769
  23   76   87  10.18
  26   74   87  9.744
  24   74   87  9.189
  22   74   87  4.832
  21   76   87  5.893
  21   74   87  5.472
  30   75   87  3.999
  20   74   87  4.13
  27   73   87  6.432
  25   73   87  6.941
  23   73   87  6.293
  28   75   87  8.213
  22   73   87  5.071
  21   73   87  5.365
  26   72   87  6.256
  24   72   87  4.646
  26   75   87  10.14
  23   72   87  6.222
  21   72   87  3.463
  25   71   87  3.565
  24   71   87  4.277
  24   75   87  9.022
  23   71   87  3.875
  25   70   87  4.691
  24   70   87  3.164
  22   75   87  6.599
  23   70   87  3.127
  22   71   87  3.534
  29   74   87  5.4
  21   71   87  3.448
  21   70   87  3.414
  20   71   87  3.295
  20   73   87  3.769
  27   74   87  8.444
  20   76   87  4.394
  29   73   87  4.696
  23   74   87  7.123
  28   81   87  3.498
  25   78   88  7.019
  23   73   88  4.983
  28   79   88  3.879
  22   77   88  6.04
  23   74   88  7.464
  25   74   88  8.735
  27   78   88  6.166
  29   73   88  4.954
  23   78   88  6.404
  25   73   88  5.507
  24   77   88  5.834
  25   80   88  3.424
  27   74   88  6.568
  19   75   88  3.475
  27   73   88  5.071
  26   77   88  7.023
  29   74   88  4.438
  22   72   88  3.708
  22   75   88  5.478
  20   74   88  4.034
  21   74   88  3.045
  24   75   88  7.342
  22   74   88  3.343
  24   74   88  8.275
  29   71   88  3.842
  26   75   88  10.15
  28   77   88  5.082
  26   74   88  9.169
  28   73   88  5.699
  28   75   88  5.09
  20   75   88  3.927
  28   74   88  5.387
  24   70   88  3.494
  30   75   88  4.503
  21   76   88  3.955
  25   70   88  3.731
  20   78   88  3.062
  23   76   88  7.275
  21   75   88  4.769
  25   76   88  6.708
  22   71   88  4.962
  26   73   88  5.608
  23   71   88  4.291
  27   76   88  4.104
  23   75   88  7.19
  22   78   88  3.974
  24   78   88  6.599
  29   76   88  4.241
  25   71   88  6.658
  30   76   88  3.458
  21   77   88  4.387
  25   75   88  8.405
  23   77   88  5.668
  19   76   88  3.5
  23   81   88  3.229
  25   77   88  6.814
  27   75   88  6.841
  26   78   88  6.737
  24   73   88  6.796
  27   79   88  3.555
  27   77   88  5.288
  21   72   88  4.308
  29   77   88  3.542
  29   75   88  4.763
  29   72   88  3.461
  25   79   88  4.173
  23   79   88  4.558
  23   72   88  6.279
  20   76   88  3.591
  22   76   88  5.101
  28   72   88  3.324
  21   79   88  3.203
  24   72   88  5.867
  28   78   88  3.877
  24   76   88  7.198
  27   72   88  4.377
  26   72   88  4.384
  22   79   88  3.55
  20   73   88  4.531
  29   78   88  3.917
  21   73   88  4.745
  24   79   88  3.391
  26   76   88  8.769
  26   79   88  4.944
  28   76   88  6.002
  22   73   88  5.276
  25   72   88  5.615
  26   81   88  3.48
  28   77   89  4.109
  23   74   89  4.337
  29   73   89  3.219
  25   74   89  6.972
  28   73   89  3.667
  27   78   89  3.431
  25   78   89  4.201
  27   74   89  5.23
  25   72   89  3.752
  27   72   89  3.515
  29   74   89  3.309
  22   75   89  4.465
  29   77   89  3.303
  24   75   89  5.939
  28   72   89  3.061
  29   72   89  5.026
  26   75   89  5.221
  24   73   89  5.098
  26   73   89  8.05
  28   75   89  3.737
  25   80   89  3.432
  23   80   89  3.149
  21   76   89  4.385
  26   79   89  4.108
  23   76   89  5.285
  25   76   89  7.007
  24   79   89  5.216
  22   79   89  3.522
  27   76   89  6.071
  28   78   89  3.68
  26   78   89  4.402
  29   76   89  3.588
  21   77   89  3.899
  23   77   89  4.307
  25   77   89  5.789
  24   78   89  5.171
  27   79   89  3.923
  27   77   89  6.335
  22   78   89  3.97
  30   77   89  3.135
  25   79   89  4.443
  20   74   89  3.665
  21   73   89  3.5
  22   73   89  3.743
  23   71   89  3.9
  24   71   89  3.417
  25   71   89  3.735
  26   71   89  3.76
  23   72   89  3.72
  24   72   89  5.107
  26   72   89  5.738
  28   71   89  3.839
  23   73   89  5.46
  25   73   89  6.81
  27   73   89  5.023
  24   74   89  5.967
  26   74   89  5.574
  28   74   89  4.428
  21   75   89  5.092
  23   75   89  6.739
  25   75   89  7.443
  27   75   89  5.807
  29   75   89  4.859
  22   76   89  4.845
  24   76   89  6.189
  26   76   89  7.064
  28   76   89  5.558
  24   77   89  5.333
  26   77   89  5.303
  23   78   89  5.663
  27   75   90  6.12
  25   79   90  3.214
  26   79   90  4.038
  25   77   90  5.112
  24   80   90  3.4
  27   76   90  5.937
  20   76   90  3.173
  25   76   90  4.853
  21   76   90  4.747
  22   77   90  3.716
  26   81   90  3.459
  26   82   90  3.363
  27   77   90  4.441
  26   78   90  4.625
  26   73   90  4.787
  28   75   90  3.374
  24   78   90  5.081
  28   77   90  3.851
  26   77   90  4.193
  25   71   90  3.223
  24   73   90  3.126
  29   78   90  4.219
  26   71   90  3.105
  26   75   90  5.66
  23   72   90  3.889
  28   79   90  3.803
  24   75   90  5.382
  24   72   90  3.134
  22   75   90  4.128
  26   72   90  4.106
  21   73   90  3.193
  24   77   90  3.549
  25   72   90  3.575
  25   78   90  5.401
  27   78   90  3.804
  23   73   90  4.674
  27   74   90  5.176
  25   73   90  3.67
  28   76   90  3.837
  25   74   90  5.368
  27   73   90  4.607
  26   76   90  4.085
  24   74   90  3.78
  24   76   90  5.337
  26   74   90  4.868
  28   74   90  5.073
  23   75   90  3.807
  22   76   90  3.491
  25   75   90  6.913
  23   74   90  4.694
  23   74   91  3.378
  22   76   91  4.585
  23   75   91  3.119
  24   76   91  3.587
  24   74   91  4.016
  27   73   91  3.237
  28   76   91  3.833
  25   73   91  4.144
  24   77   91  3.434
  25   72   91  3.595
  26   77   91  3.228
  24   73   91  3.351
  25   74   91  4.312
  27   77   91  3.593
  26   73   91  4.163
  25   79   91  3.129
  27   76   91  3.983
  25   76   91  3.819
  28   75   91  3.402
  26   75   91  5.318
  22   78   91  3.227
  23   77   91  4.213
  23   79   91  4.595
  24   75   91  3.862
  27   74   91  3.204
  24   73   92  3.433
---
Detection #5
  75   78  102  3.165
  75   74  102  3.128
  74   77  102  3.92
  76   74  102  3.194
  73   76  103  3.942
  75   75  103  3.131
  72   74  103  3.695
  76   74  103  3.766
  73   75  103  5.704
  74   74  103  3.142
  77   74  103  3.84
  76   76  103  3.497
  78   76  103  3.279
  75   74  103  3.109
  75   76  103  4.034
  73   74  103  5.483
  74   72  103  3.181
  73   73  103  4.793
  72   77  103  3.606
  72   76  103  3.125
  75   77  103  3.076
  75   73  103  3.216
  79   73  103  3.247
  76   73  103  3.577
  77   75  103  4.646
  77   76  104  5.502
  80   75  104  3.186
  75   77  104  4.261
  73   78  104  3.518
  74   73  104  4.256
  73   76  104  5.155
  76   77  104  4.451
  74   77  104  5.918
  78   76  104  3.787
  78   75  104  3.326
  76   76  104  3.598
  74   76  104  3.711
  77   75  104  4.54
  75   75  104  5.308
  73   75  104  3.827
  75   78  104  3.15
  80   74  104  3.371
  79   74  104  3.528
  76   75  104  4.433
  78   74  104  3.563
  76   74  104  4.058
  76   78  104  4.004
  77   79  104  4.026
  73   74  104  3.591
  74   74  104  5.249
  71   74  104  3.47
  74   78  104  3.726
  79   73  104  4.015
  77   73  104  5.827
  74   75  104  4.848
  75   73  104  3.727
  73   73  104  4.961
  73   77  104  3.137
  75   74  104  4.897
  78   72  104  3.501
  75   76  104  5.582
  77   72  104  3.542
  76   72  104  4.052
  74   72  104  3.236
  81   76  104  3.19
  73   79  104  3.138
  73   72  104  3.684
  71   73  104  3.194
  71   72  104  4.529
  72   80  104  3.219
  75   72  104  3.666
  77   74  104  6.196
  71   76  104  3.663
  71   75  104  3.19
  72   74  104  3.672
  72   73  104  4.782
  76   80  105  3.235
  70   75  105  3.213
  71   73  105  5.438
  71   71  105  3.274
  77   74  105  5.882
  72   71  105  3.223
  72   72  105  4.707
  72   73  105  3.8
  73   79  105  3.436
  73   73  105  3.433
  72   75  105  5.565
  74   70  105  4.137
  74   71  105  3.773
  75   71  105  3.343
  77   71  105  3.445
  74   72  105  4.495
  76   72  105  4.337
  75   74  105  6.084
  75   73  105  5.681
  77   73  105  4.948
  74   75  105  6.473
  71   74  105  5.169
  72   74  105  6.726
  74   78  105  3.96
  74   74  105  6.591
  76   74  105  6.281
  78   74  105  5.617
  73   74  105  5.773
  79   73  105  3.275
  80   74  105  5.757
  76   75  105  8.222
  72   78  105  3.399
  71   75  105  3.334
  73   75  105  5.971
  75   75  105  5.249
  77   75  105  6.196
  79   75  105  4.532
  81   75  105  3.078
  70   76  105  5.338
  71   76  105  3.266
  78   75  105  5.696
  77   77  105  4.966
  76   73  105  6.184
  72   76  105  3.399
  74   76  105  5.593
  76   76  105  7.903
  75   77  105  7.048
  78   76  105  4.499
  71   77  105  5.502
  80   75  105  3.687
  72   77  105  3.352
  74   73  105  5.592
  73   76  105  6.533
  74   77  105  7.04
  76   77  105  4.725
  78   77  105  4.414
  73   78  105  5.302
  80   71  105  3.3
  79   71  105  4.137
  73   77  105  4.383
  75   78  105  3.507
  77   78  105  3.53
  73   80  105  3.048
  75   76  105  5.689
  81   76  105  3.793
  74   80  105  3.417
  79   76  105  5
  77   76  105  5.384
  75   72  105  4.692
  76   71  105  4.927
  79   75  106  7.438
  77   79  106  4.032
  76   76  106  8.281
  76   80  106  3.765
  77   76  106  6.203
  78   71  106  4.243
  72   75  106  6.32
  74   72  106  3.952
  73   79  106  4.196
  75   79  106  5.519
  74   79  106  3.841
  71   73  106  3.778
  73   73  106  6.254
  79   76  106  4.069
  73   75  106  7.46
  79   73  106  3.863
  77   71  106  4.416
  80   78  106  3.826
  74   76  106  8.039
  76   73  106  6.664
  76   79  106  4.196
  75   76  106  8.187
  71   74  106  4.869
  73   77  106  5.747
  70   75  106  5.571
  74   74  106  8.06
  78   79  106  5.155
  77   78  106  5.099
  70   76  106  4.793
  75   78  106  7.302
  75   80  106  4.995
  73   76  106  7.271
  77   73  106  6.55
  75   77  106  5.309
  75   75  106  9.28
  79   74  106  4.927
  76   74  106  6.483
  72   76  106  4.446
  73   78  106  3.236
  74   73  106  7.268
  75   73  106  7.874
  77   77  106  7.38
  76   71  106  4.854
  78   75  106  6.813
  77   72  106  6.225
  69   75  106  3.282
  78   77  106  5.614
  78   72  106  4.192
  76   77  106  7.914
  76   72  106  6.728
  79   77  106  3.321
  72   73  106  4.432
  77   74  106  8.192
  78   74  106  7.075
  74   77  106  6.729
  77   75  106  5.538
  72   78  106  3.884
  71   76  106  5.939
  76   75  106  9.014
  75   72  106  4.977
  73   71  106  4.059
  72   77  106  4.298
  74   71  106  4.86
  70   74  106  3.473
  71   75  106  3.645
  74   78  106  6.657
  79   70  106  3.277
  75   74  106  7.342
  75   71  106  3.113
  74   75  106  7.628
  78   76  106  5.595
  76   78  106  4.955
  72   72  106  4.515
  73   72  106  3.65
  80   74  106  3.764
  80   73  106  4.009
  70   73  106  3.202
  78   78  106  4.052
  73   74  106  7.067
  72   74  106  4.569
  81   73  106  3.676
  74   71  107  4.385
  73   71  107  4.208
  75   70  107  4.3
  74   70  107  6.172
  73   70  107  6.025
  75   71  107  5.4
  79   76  107  4.222
  72   72  107  4.095
  70   75  107  4.675
  69   77  107  3.562
  77   70  107  3.519
  75   76  107  9.041
  78   70  107  3.28
  73   77  107  7.598
  77   71  107  4.598
  78   71  107  4.079
  73   72  107  3.908
  73   76  107  9.771
  74   72  107  6.668
  75   77  107  9.521
  76   72  107  7.29
  78   72  107  4.382
  71   73  107  3.941
  73   73  107  6.436
  78   75  107  6.983
  77   77  107  6.964
  75   73  107  8.42
  77   73  107  6.934
  79   73  107  4.831
  80   72  107  3.301
  79   77  107  3.845
  71   74  107  4.634
  74   74  107  7.711
  76   75  107  8.039
  72   78  107  4.449
  76   74  107  8.361
  78   74  107  6.548
  80   74  107  3.933
  73   75  107  7.037
  75   75  107  9.624
  74   78  107  6.218
  77   75  107  7.279
  74   75  107  11.3
  76   78  107  6.979
  79   75  107  3.962
  80   75  107  4.566
  70   76  107  3.239
  72   76  107  8.971
  78   78  107  4.823
  74   76  107  8.055
  76   76  107  7.865
  72   75  107  7.523
  78   76  107  5.079
  73   79  107  3.82
  70   77  107  3.352
  72   77  107  5.478
  74   77  107  7.965
  76   77  107  9.47
  79   74  107  3.433
  76   79  107  5.167
  72   79  107  3.47
  78   79  107  4.041
  75   80  107  3.584
  71   78  107  3.147
  78   80  107  3.248
  71   77  107  3.641
  78   77  107  6.246
  73   78  107  6.032
  75   78  107  7.556
  77   78  107  7.462
  79   78  107  4.1
  77   74  107  8.175
  80   78  107  3.055
  71   79  107  3.264
  74   79  107  4.67
  75   79  107  4.1
  77   79  107  4.468
  79   79  107  3.509
  75   74  107  9.408
  74   80  107  5.438
  76   80  107  3.471
  73   74  107  8.572
  77   80  107  4.101
  75   81  107  3.332
  78   73  107  5.558
  76   81  107  3.117
  76   73  107  6.313
  74   73  107  8.062
  77   72  107  5.226
  75   72  107  6.52
  71   76  107  3.727
  71   75  107  5.829
  72   74  107  5.257
  72   73  107  5.779
  76   71  107  3.701
  70   73  107  3.804
  71   72  107  3.18
  77   76  107  8.468
  77   70  108  3.277
  73   74  108  7.209
  72   78  108  6.128
  78   71  108  4.864
  79   77  108  4.591
  74   77  108  8.555
  76   77  108  10.91
  78   77  108  5.798
  78   73  108  4.235
  77   77  108  8.622
  80   77  108  3.29
  73   78  108  5.589
  79   73  108  5.215
  75   77  108  8.031
  75   78  108  6.444
  75   72  108  8.533
  73   77  108  8.018
  77   78  108  6.154
  76   73  108  6.819
  79   76  108  6.785
  80   78  108  3.672
  75   79  108  4.557
  77   73  108  6.494
  77   76  108  7.522
  77   79  108  4.165
  77   71  108  4.657
  75   76  108  9.355
  77   80  108  4.055
  76   81  108  3.06
  75   73  108  10.27
  73   76  108  8.048
  69   75  108  3.488
  70   72  108  3.728
  72   71  108  5.276
  74   73  108  9.778
  78   75  108  5.897
  73   71  108  5.729
  79   75  108  3.889
  74   69  108  3.911
  74   70  108  4.897
  71   72  108  3.439
  77   75  108  8.7
  75   70  108  4.379
  76   71  108  4.261
  76   75  108  9.666
  76   70  108  4.126
  70   73  108  4.537
  74   71  108  5.29
  75   71  108  4.1
  72   72  108  4.87
  72   73  108  6.605
  75   75  108  7.7
  80   72  108  3.412
  74   75  108  10.05
  73   75  108  9.57
  73   72  108  6.412
  74   72  108  7.423
  71   73  108  4.393
  73   73  108  7.887
  79   72  108  4.747
  72   74  108  7.18
  72   75  108  6.905
  80   74  108  4.014
  70   74  108  4.238
  71   74  108  5.71
  81   74  108  3.379
  78   72  108  4.753
  71   75  108  6.106
  78   74  108  7.235
  79   74  108  3.357
  70   75  108  3.389
  70   76  108  3.842
  71   76  108  5.267
  70   77  108  3.25
  76   74  108  10.38
  77   72  108  7.33
  71   77  108  3.919
  78   80  108  4.212
  77   74  108  8.75
  74   74  108  8.167
  70   78  108  3.349
  71   78  108  3.656
  75   80  108  4.068
  71   79  108  4.583
  72   79  108  4.04
  73   80  108  3.667
  76   79  108  4.91
  72   76  108  8.346
  72   80  108  3.944
  74   76  108  9.999
  73   81  108  3.241
  73   79  108  3.859
  76   72  108  8.375
  78   78  108  4.355
  76   76  108  10.79
  75   74  108  9.35
  76   78  108  7.799
  78   76  108  5.909
  78   70  108  4.719
  74   78  108  6.08
  80   76  108  5.073
  72   77  108  3.694
  76   74  109  9.235
  80   74  109  3.14
  70   75  109  5.495
  71   75  109  6.57
  73   75  109  8.265
  75   75  109  10.72
  77   75  109  7.952
  79   75  109  6.332
  70   76  109  3.826
  71   76  109  4.189
  72   76  109  5.864
  74   76  109  10.31
  76   76  109  8.003
  78   76  109  5.432
  80   76  109  3.201
  70   77  109  3.749
  71   77  109  4.703
  72   77  109  6.277
  74   77  109  8.511
  76   77  109  7.028
  78   77  109  4.743
  80   77  109  3.494
  70   78  109  3.151
  71   78  109  3.93
  73   78  109  6.633
  75   78  109  6.161
  77   78  109  5.683
  80   78  109  3.082
  71   79  109  3.784
  75   79  109  5.225
  77   79  109  4.29
  79   79  109  5.023
  73   80  109  5.352
  74   80  109  3.182
  77   80  109  3.806
  74   74  109  7.994
  72   74  109  5.098
  71   74  109  4.288
  80   73  109  3.095
  79   73  109  3.97
  77   73  109  6.47
  75   73  109  6.413
  73   73  109  7.197
  72   73  109  6.406
  71   73  109  5.557
  79   72  109  3.743
  78   72  109  5.046
  76   72  109  7.343
  74   72  109  6.24
  73   72  109  4.364
  78   70  109  3.165
  77   69  109  4.75
  77   71  109  3.205
  75   71  109  5.845
  74   71  109  3.724
  73   71  109  3.201
  72   72  109  4.383
  71   72  109  3.309
  70   73  109  3.499
  69   74  109  3.136
  69   76  109  3.172
  76   80  109  5.212
  75   80  109  3.307
  76   79  109  4.128
  74   79  109  6.876
  73   79  109  4.774
  78   78  109  4.66
  76   78  109  6.497
  74   78  109  6.401
  72   78  109  5.625
  79   77  109  3.902
  77   77  109  7.062
  75   77  109  7.22
  73   77  109  5.148
  79   76  109  4.254
  77   76  109  6.686
  75   76  109  10.74
  73   76  109  8.532
  78   75  109  5.23
  76   75  109  8.833
  74   75  109  7.513
  72   75  109  6.736
  79   74  109  4.768
  77   74  109  6.95
  75   74  109  8.859
  73   74  109  7.257
  78   73  109  6.69
  76   73  109  6.913
  74   73  109  6.915
  77   72  109  6.202
  75   72  109  6.414
  76   71  109  6.417
  78   74  109  5.812
  77   70  110  4.202
  75   70  110  4.314
  79   75  110  5.467
  70   75  110  3.06
  76   80  110  4.032
  72   76  110  7.317
  73   76  110  8.125
  76   70  110  3.972
  74   79  110  3.57
  74   76  110  8.582
  70   77  110  6.171
  73   79  110  4.596
  78   75  110  5.197
  78   78  110  3.887
  76   76  110  7.29
  78   69  110  3.861
  74   73  110  7.154
  77   72  110  5.508
  76   78  110  5.285
  76   75  110  8.462
  78   76  110  4.302
  78   71  110  3.666
  74   78  110  5.943
  75   72  110  5.567
  73   71  110  3.44
  72   77  110  7.468
  74   75  110  7.335
  72   78  110  4.242
  79   77  110  4.285
  74   77  110  5.552
  77   71  110  4.854
  80   72  110  3.369
  75   74  110  8.302
  75   71  110  4.666
  76   77  110  5.485
  76   72  110  6.664
  72   75  110  7.281
  74   81  110  3.076
  72   72  110  5.948
  78   72  110  6.653
  78   77  110  6.229
  79   74  110  3.823
  77   77  110  7.31
  80   77  110  3.154
  76   71  110  6.548
  75   73  110  7.845
  73   72  110  5.629
  73   78  110  4.259
  77   74  110  6.173
  77   73  110  6.279
  75   77  110  7.868
  73   74  110  5.726
  75   78  110  5.563
  78   73  110  6.052
  79   73  110  3.535
  73   77  110  6.081
  73   80  110  3.382
  71   78  110  4.807
  74   74  110  8.666
  77   78  110  4.297
  74   72  110  5.717
  79   76  110  3.923
  71   77  110  3.86
  76   74  110  7.901
  70   71  110  3.24
  71   73  110  4.565
  71   76  110  3.61
  78   74  110  4.191
  72   70  110  3.309
  71   75  110  4.741
  75   79  110  4.099
  77   76  110  7.253
  72   74  110  5.658
  72   71  110  4.847
  73   75  110  7.425
  77   79  110  4.373
  70   74  110  4.369
  79   79  110  3.9
  73   73  110  5.522
  75   75  110  7.95
  76   73  110  8.212
  72   73  110  5.811
  75   76  110  9.164
  77   80  110  3.27
  77   75  110  7.821
  71   74  110  5.53
  71   72  110  3.096
  74   76  111  5.138
  78   76  111  5.72
  72   77  111  3.807
  74   77  111  5.345
  76   77  111  5.021
  78   77  111  4.237
  73   78  111  5.59
  75   78  111  4.326
  77   78  111  5.36
  79   78  111  3.071
  72   79  111  3.099
  75   79  111  4.709
  76   79  111  3.849
  77   79  111  4.22
  78   78  111  3.784
  75   76  111  7.492
  77   74  111  5.541
  76   78  111  3.693
  74   78  111  5.194
  74   73  111  4.765
  73   76  111  3.771
  72   78  111  4.987
  73   74  111  4.526
  78   75  111  4.178
  72   76  111  3.776
  80   75  111  5.323
  79   75  111  3.25
  77   75  111  6.62
  75   75  111  6.531
  73   75  111  7.4
  78   74  111  4.018
  76   74  111  8.37
  75   72  111  6.178
  74   74  111  6.56
  77   73  111  5.463
  75   73  111  5.65
  73   73  111  5.626
  78   72  111  4.402
  76   72  111  4.845
  77   71  111  3.786
  77   70  111  3.636
  74   72  111  5.146
  73   72  111  5.531
  76   75  111  6.437
  74   71  111  3.645
  73   71  111  5.013
  73   70  111  3.651
  71   74  111  5.231
  76   73  111  4.339
  77   77  111  4.116
  71   77  111  4.353
  76   71  111  5.896
  71   76  111  4.163
  74   75  111  8.411
  75   77  111  4.941
  72   74  111  4.251
  70   74  111  3.396
  80   69  111  3.501
  80   70  111  3.174
  72   73  111  4.659
  73   77  111  3.784
  79   76  111  3.457
  71   72  111  4.566
  72   75  111  6.128
  76   76  111  7.688
  77   76  111  8.519
  79   74  111  3.925
  74   79  111  3.906
  75   74  111  6.052
  74   75  112  5.394
  74   73  112  4.153
  76   73  112  4.771
  73   74  112  5.108
  75   74  112  3.91
  74   80  112  3.099
  73   79  112  3.486
  78   73  112  3.972
  77   72  112  4.224
  76   72  112  3.841
  75   73  112  4.412
  77   73  112  5.113
  74   74  112  4.253
  71   77  112  3.239
  76   74  112  5.134
  78   74  112  3.129
  72   74  112  4.434
  73   75  112  4.958
  72   73  112  4.268
  75   75  112  6.689
  71   72  112  3.189
  77   75  112  4.749
  74   72  112  3.621
  75   71  112  3.164
  72   76  112  4.279
  74   76  112  5.379
  76   76  112  5.017
  74   71  112  3.474
  78   76  112  4.035
  72   78  112  5.1
  72   77  112  3.322
  74   77  112  4.648
  73   73  112  4.514
  71   73  112  3.104
  76   77  112  4.337
  77   77  112  4.342
  78   77  112  3.696
  75   77  112  3.904
  73   78  112  3.134
  73   77  112  4.505
  71   79  112  3.085
  77   76  112  4.76
  77   74  112  3.712
  75   76  112  5.45
  79   74  112  3.633
  73   76  112  5.498
  78   75  112  3.413
  72   75  112  3.523
  76   75  112  5.601
  76   71  112  3.716
  71   74  113  4.013
  72   75  113  4.465
  74   75  113  4.795
  76   75  113  5.068
  73   76  113  4.354
  74   73  113  3.942
  76   74  113  3.635
  75   74  113  3.137
  75   76  113  3.607
  77   76  113  3.088
  77   77  113  3.273
  74   74  113  3.671
  71   71  113  3.546
  78   74  113  3.195
  79   73  113  3.183
  78   78  113  3.146
  77   78  113  3.831
  74   78  113  4.295
  72   72  113  3.365
  73   71  113  3.304
  73   75  113  4.32
  76   77  113  3.429
  74   77  113  3.292
  76   73  113  4.684
  76   76  113  3.983
  75   72  114  3.761
  77   77  114  4.143
  76   76  114  4.323
  75   77  114  3.673
  75   75  114  3.617
  76   78  114  3.107
  74   72  114  3.213
  75   74  114  3.491
  75   74  115  3.278
---
--------------
