New run of the Duchamp sourcefinder: Tue Feb  5 15:45:31 2008
Executing statement : ./Duchamp -p verification/input4 

---- Parameters ----
Image to be analysed.........................[imageFile]  =  verification/verificationCube.fits
Intermediate Logfile...........................[logFile]  =  verification/log4.txt
Final Results file.............................[outFile]  =  verification/results4.txt
Spectrum file..............................[spectraFile]  =  verification/spectra4.ps
Display a map in a pgplot xwindow?.........[flagXOutput]  =  true
Saving reconstructed cube?.............[flagOutputRecon]  =  false
Saving residuals from reconstruction?..[flagOutputResid]  =  false
Saving mask cube?.......................[flagOutputMask]  =  false
------
Trimming Blank Pixels?........................[flagTrim]  =  false
Searching for Negative features?..........[flagNegative]  =  false
Removing Milky Way channels?....................[flagMW]  =  false
Beam Size (pixels)......................................  =  10.1788
Removing baselines before search?.........[flagBaseline]  =  false
Smoothing each spectrum first?..............[flagSmooth]  =  false
Using A Trous reconstruction?...............[flagATrous]  =  true
Number of dimensions in reconstruction........[reconDim]  =  1
Minimum scale in reconstruction...............[scaleMin]  =  1
SNR Threshold within reconstruction...........[snrRecon]  =  3
Filter being used for reconstruction........[filterCode]  =  1 (B3 spline function)
Using Robust statistics?...............[flagRobustStats]  =  true
Using FDR analysis?............................[flagFDR]  =  false
SNR Threshold (in sigma)........................[snrCut]  =  3
Minimum # Pixels in a detection.................[minPix]  =  2
Minimum # Channels in a detection..........[minChannels]  =  2
Growing objects after detection?............[flagGrowth]  =  false
Using Adjacent-pixel criterion?...........[flagAdjacent]  =  true
Max. velocity separation for merging....[threshVelocity]  =  7
Method of spectral plotting.............[spectralMethod]  =  peak
Type of object centre used in results......[pixelCentre]  =  centroid
--------------------

--------------------------------------------------------------------------------
 Obj#     X     Y     Z     F_tot    F_peak S/Nmax  X1  X2  Y1  Y2  Z1  Z2  Npix
                        [Jy/beam] [Jy/beam]                                [pix]
--------------------------------------------------------------------------------
    1   7.0  45.0   0.0     3.399     3.399   3.49   7   7  45  45   0   0     1
    2  73.0  61.0   1.0     4.300     4.300   4.41  73  73  61  61   1   1     1
    3  39.0  62.0   2.0     4.051     4.051   4.16  39  39  62  62   2   2     1
    4  11.0   4.0   3.0     3.633     3.633   3.73  11  11   4   4   3   3     1
    5  69.0  32.0   3.0     4.042     4.042   4.15  69  69  32  32   3   3     1
    6  40.0  66.0   4.0     3.748     3.748   3.85  40  40  66  66   4   4     1
    7   1.0  37.0   8.0     3.285     3.285   3.37   1   1  37  37   8   8     1
    8  27.0  43.0   8.0     5.471     5.471   5.62  27  27  43  43   8   8     1
    9  21.0  30.0   9.0     3.779     3.779   3.88  21  21  30  30   9   9     1
   10  88.0  27.0  12.0     4.495     4.495   4.62  88  88  27  27  12  12     1
   11  63.0  78.0  13.0     4.664     4.664   4.79  63  63  78  78  13  13     1
   12  25.0  44.0  14.0     3.483     3.483   3.57  25  25  44  44  14  14     1
   13  48.0  81.0  14.0     3.392     3.392   3.48  48  48  81  81  14  14     1
   14  16.0  63.0  15.0     3.342     3.342   3.43  16  16  63  63  15  15     1
   15   7.0  69.0  15.0     3.775     3.775   3.87   7   7  69  69  15  15     1
   16  85.0  58.0  16.0     3.523     3.523   3.61  85  85  58  58  16  16     1
   17  54.0  74.0  19.0     3.545     3.545   3.64  54  54  74  74  19  19     1
   18  69.0  53.0  21.0     4.410     4.410   4.53  69  69  53  53  21  21     1
   19  31.0  59.0  22.0     3.921     3.921   4.02  31  31  59  59  22  22     1
   20  78.0  73.0  22.0     3.813     3.813   3.91  78  78  73  73  22  22     1
   21  76.0  74.0  23.0     3.298     3.298   3.38  76  76  74  74  23  23     1
   22  78.0   6.0  24.0     3.839     3.839   3.94  78  78   6   6  24  24     1
   23  29.0  11.0  24.0     3.737     3.737   3.84  29  29  11  11  24  24     1
   24  78.0  23.0  24.0     4.882     4.882   5.01  78  78  23  23  24  24     1
   25  35.0  42.0  24.0     3.248     3.248   3.33  35  35  42  42  24  24     1
   26  23.0  46.0  25.0     3.773     3.773   3.87  23  23  46  46  25  25     1
   27  88.0  55.0  25.0     3.784     3.784   3.88  88  88  55  55  25  25     1
   28  25.0  25.0  20.0  3382.713    11.489  11.82  20  30  20  30  14  26   640
   29  11.0  46.0  26.0     4.766     4.766   4.89  11  11  46  46  26  26     1
   30  29.0  92.0  26.0     3.611     3.611   3.71  29  29  92  92  26  26     1
   31  38.0  48.0  28.0     3.347     3.347   3.43  38  38  48  48  28  28     1
   32  37.0  73.0  35.0     3.825     3.825   3.93  37  37  73  73  35  35     1
   33  34.0   6.0  36.0     4.215     4.215   4.33  34  34   6   6  36  36     1
   34  93.0  99.0  36.0     3.290     3.290   3.37  93  93  99  99  36  36     1
   35  13.0  22.0  38.0     3.480     3.480   3.57  13  13  22  22  38  38     1
   36  30.0  26.0  38.0     2.750     2.750   2.82  30  30  26  26  38  38     1
   37  42.0  99.0  39.0     4.139     4.139   4.25  42  42  99  99  39  39     1
   38  63.0  39.0  41.0     4.057     4.057   4.16  63  63  39  39  41  41     1
   39  32.0  54.0  41.0     3.551     3.551   3.64  32  32  54  54  41  41     1
   40  76.0  31.0  42.0     4.416     4.416   4.53  76  76  31  31  42  42     1
   41  99.0  34.0  44.0     3.326     3.326   3.41  99  99  34  34  44  44     1
   42  38.0  39.0  45.0     3.469     3.469   3.56  38  38  39  39  45  45     1
   43  99.0  39.0  46.0     3.823     3.823   3.92  99  99  39  39  46  46     1
   44  56.0  81.0  46.0     4.001     4.001   4.11  56  56  81  81  46  46     1
   45  57.0   4.0  47.0     4.850     4.850   4.98  57  57   4   4  47  47     1
   46  68.0  24.0  48.0     4.692     4.692   4.82  68  68  24  24  48  48     1
   47  75.1  25.0  41.9  3237.171    11.766  12.11  70  79  20  29  36  48   604
   48  62.0   6.0  51.0     3.415     3.415   3.50  62  62   6   6  51  51     1
   49  40.0  10.0  51.0     2.904     2.904   2.98  40  40  10  10  51  51     1
   50  34.0  50.0  51.0     3.704     3.704   3.80  34  34  50  50  51  51     1
   51  57.0  29.0  53.0     3.916     3.916   4.02  57  57  29  29  53  53     1
   52  34.0  16.0  54.0     3.455     3.455   3.54  34  34  16  16  54  54     1
   53  91.0  67.0  57.0     3.414     3.414   3.50  91  91  67  67  57  57     1
   54  84.0  92.0  57.0     4.036     4.036   4.14  84  84  92  92  57  57     1
   55  33.0  72.0  59.0     4.170     4.170   4.28  33  33  72  72  59  59     1
   56   8.0  53.0  60.0     3.801     3.801   3.90   8   8  53  53  60  60     1
   57  18.0  68.0  60.0     5.026     5.026   5.16  18  18  68  68  60  60     1
   58  12.0  76.0  63.0     4.551     4.551   4.67  12  12  76  76  63  63     1
   59  27.0   8.0  64.0     4.042     4.042   4.15  27  27   8   8  64  64     1
   60  56.0   8.0  65.0     3.901     3.901   4.00  56  56   8   8  65  65     1
   61  34.0  25.0  66.0     3.909     3.909   4.01  34  34  25  25  66  66     1
   62  77.0  69.0  66.0     3.816     3.816   3.92  77  77  69  69  66  66     1
   63  66.0   4.0  67.0     3.422     3.422   3.51  66  66   4   4  67  67     1
   64  49.9  50.0  63.7  1247.971    10.731  11.04  45  54  45  55  58  68   237
   65  49.9  50.1  64.7   968.782    10.926  11.24  45  55  45  55  61  69   171
   66  50.0  50.0  63.8  1192.103    10.461  10.76  45  55  45  55  58  70   227
   67  78.0  55.0  72.0     3.496     3.496   3.59  78  78  55  55  72  72     1
   68  51.0  27.0  73.0     2.535     2.535   2.60  51  51  27  27  73  73     1
   69  77.0  38.0  75.0     3.249     3.249   3.33  77  77  38  38  75  75     1
   70   9.0   2.0  79.0     4.002     4.002   4.11   9   9   2   2  79  79     1
   71  91.0  17.0  79.0     3.419     3.419   3.51  91  91  17  17  79  79     1
   72   8.0  59.0  80.0     3.697     3.697   3.79   8   8  59  59  80  80     1
   73   3.0  65.0  80.0     3.749     3.749   3.85   3   3  65  65  80  80     1
   74  46.0  43.0  81.0     3.459     3.459   3.55  46  46  43  43  81  81     1
   75  76.0  62.0  82.0     4.351     4.351   4.47  76  76  62  62  82  82     1
   76  98.0  10.0  83.0     3.804     3.804   3.90  98  98  10  10  83  83     1
   77  51.0  36.0  83.0     3.360     3.360   3.45  51  51  36  36  83  83     1
   78   5.0  74.0  85.0     3.495     3.495   3.59   5   5  74  74  85  85     1
   79  19.0  76.0  85.0     4.024     4.024   4.13  19  19  76  76  85  85     1
   80  24.0  81.0  85.0     5.275     5.275   5.42  24  24  81  81  85  85     1
   81  85.0  32.0  87.0     3.391     3.391   3.48  85  85  32  32  87  87     1
   82   9.0  42.0  87.0     3.874     3.874   3.98   9   9  42  42  87  87     1
   83  67.0  94.0  87.0     4.070     4.070   4.18  67  67  94  94  87  87     1
   84  20.0  81.0  89.0     4.956     4.956   5.09  20  20  81  81  89  89     1
   85  68.0  25.0  90.0     3.569     3.569   3.66  68  68  25  25  90  90     1
   86  76.0  69.0  91.0     4.288     4.288   4.40  76  76  69  69  91  91     1
   87  88.0  70.0  94.0     3.785     3.785   3.88  88  88  70  70  94  94     1
   88  16.0  31.0  95.0     3.772     3.772   3.87  16  16  31  31  95  95     1
   89  25.1  75.1  86.0  3351.402    10.445  10.75  20  30  70  79  80  96   641
   90  77.0  81.0  97.0     3.023     3.023   3.10  77  77  81  81  97  97     1
   91  16.0   5.0  98.0     3.277     3.277   3.36  16  16   5   5  98  98     1
   92  15.0  76.0  98.0     3.079     3.079   3.16  15  15  76  76  98  98     1
   93  25.0  67.0  99.0     3.379     3.379   3.47  25  25  67  67  99  99     1
   94   6.0  15.0 100.0     4.186     4.186   4.30   6   6  15  15 100 100     1
   95  74.0  58.0 102.0     3.988     3.988   4.09  74  74  58  58 102 102     1
   96  50.0  81.0 104.0     3.484     3.484   3.57  50  50  81  81 104 104     1
   97  94.0   2.0 106.0     3.328     3.328   3.41  94  94   2   2 106 106     1
   98  85.0  10.0 107.0     3.015     3.015   3.09  85  85  10  10 107 107     1
   99  38.0   0.0 108.0     3.993     3.993   4.10  38  38   0   0 108 108     1
  100  11.0  60.0 109.0     3.456     3.456   3.55  11  11  60  60 109 109     1
  101  75.0  14.0 110.0     3.829     3.829   3.93  75  75  14  14 110 110     1
  102  65.0  66.0 110.0     4.069     4.069   4.18  65  65  66  66 110 110     1
  103  82.0  59.0 111.0     3.385     3.385   3.47  82  82  59  59 111 111     1
  104  14.0  77.0 112.0     3.849     3.849   3.95  14  14  77  77 112 112     1
  105  74.9  75.0 108.3  1634.490    11.304  11.63  70  80  70  80 104 113   303
  106  74.9  74.9 107.8  1813.975    10.913  11.23  70  80  70  80 102 114   353
  107  98.0  70.0 116.0     3.942     3.942   4.05  98  98  70  70 116 116     1
  108  44.0  15.0 118.0     3.650     3.650   3.75  44  44  15  15 118 118     1
  109  48.0  52.0 118.0     3.882     3.882   3.98  48  48  52  52 118 118     1
  110  87.0  65.0 119.0     3.357     3.357   3.44  87  87  65  65 119 119     1
  111  25.0  69.0 120.0     3.867     3.867   3.97  25  25  69  69 120 120     1
  112  47.0   1.0 122.0     3.703     3.703   3.80  47  47   1   1 122 122     1
  113  80.0  33.0 122.0     3.684     3.684   3.78  80  80  33  33 122 122     1
  114  10.0  82.0 122.0     3.375     3.375   3.46  10  10  82  82 122 122     1
  115  19.0  16.0 123.0     3.524     3.524   3.61  19  19  16  16 123 123     1
  116  59.0  69.0 123.0     3.617     3.617   3.71  59  59  69  69 123 123     1
  117  19.0  67.0 124.0     3.654     3.654   3.75  19  19  67  67 124 124     1
  118  33.0  59.0 125.0     4.157     4.157   4.27  33  33  59  59 125 125     1
  119  50.0  32.0 127.0     2.359     2.359   2.42  50  50  32  32 127 127     1
  120  73.0  97.0 127.0     3.622     3.622   3.72  73  73  97  97 127 127     1
=-=-=-=-=-=-=-
Cube summary
=-=-=-=-=-=-=-
100x100x128
5 detections:
--------------
Detection #1
24-24, 23, 14
24-24, 24, 14
26-27, 24, 14
25-25, 25, 14
27-27, 25, 14
24-24, 26, 14
27-27, 26, 14
24-24, 27, 14
26-26, 27, 14
26-26, 22, 15
24-26, 23, 15
23-28, 24, 15
23-27, 25, 15
23-24, 26, 15
26-27, 26, 15
24-26, 27, 15
26-26, 28, 15
24-27, 22, 16
23-27, 23, 16
22-30, 24, 16
22-28, 25, 16
22-27, 26, 16
23-27, 27, 16
24-24, 28, 16
26-27, 28, 16
26-26, 29, 16
24-24, 21, 17
26-26, 21, 17
23-27, 22, 17
29-29, 22, 17
22-28, 23, 17
22-29, 24, 17
22-29, 25, 17
22-29, 26, 17
21-28, 27, 17
23-27, 28, 17
23-23, 29, 17
25-26, 29, 17
22-26, 21, 18
22-29, 22, 18
21-28, 23, 18
20-29, 24, 18
21-29, 25, 18
21-30, 26, 18
21-29, 27, 18
22-29, 28, 18
23-27, 29, 18
25-25, 20, 19
22-27, 21, 19
21-29, 22, 19
21-30, 23, 19
20-29, 24, 19
20-29, 25, 19
21-30, 26, 19
21-29, 27, 19
22-29, 28, 19
23-27, 29, 19
25-25, 30, 19
25-25, 20, 20
22-27, 21, 20
21-29, 22, 20
21-30, 23, 20
20-29, 24, 20
20-29, 25, 20
21-30, 26, 20
21-29, 27, 20
21-28, 28, 20
23-27, 29, 20
25-25, 30, 20
28-28, 30, 20
25-25, 20, 21
22-27, 21, 21
21-29, 22, 21
21-30, 23, 21
20-29, 24, 21
20-29, 25, 21
21-30, 26, 21
21-29, 27, 21
21-28, 28, 21
23-27, 29, 21
25-25, 30, 21
25-25, 20, 22
22-22, 21, 22
24-25, 21, 22
27-27, 21, 22
22-29, 22, 22
22-29, 23, 22
20-29, 24, 22
21-29, 25, 22
21-30, 26, 22
21-29, 27, 22
21-28, 28, 22
23-27, 29, 22
25-25, 30, 22
25-25, 21, 23
22-22, 22, 23
24-29, 22, 23
22-28, 23, 23
20-20, 24, 23
22-28, 24, 23
21-29, 25, 23
21-28, 26, 23
21-28, 27, 23
23-28, 28, 23
24-24, 29, 23
25-25, 30, 23
24-26, 22, 24
24-27, 23, 24
22-28, 24, 24
22-28, 25, 24
23-27, 26, 24
23-27, 27, 24
24-27, 28, 24
24-27, 23, 25
22-27, 24, 25
23-28, 25, 25
23-27, 26, 25
23-26, 27, 25
25-25, 23, 26
24-27, 24, 26
24-27, 25, 26
25-25, 26, 26
24-26, 27, 26

---
Detection #2
74-74, 23, 36
76-76, 23, 36
74-76, 24, 36
75-76, 25, 36
74-77, 26, 36
74-74, 27, 36
74-74, 22, 37
73-76, 23, 37
73-77, 24, 37
72-77, 25, 37
73-77, 26, 37
73-76, 27, 37
73-75, 22, 38
73-76, 23, 38
72-79, 24, 38
72-78, 25, 38
72-78, 26, 38
73-78, 27, 38
75-75, 28, 38
77-77, 28, 38
74-74, 21, 39
77-77, 21, 39
72-76, 22, 39
72-78, 23, 39
72-79, 24, 39
71-79, 25, 39
72-79, 26, 39
72-79, 27, 39
72-78, 28, 39
76-77, 29, 39
75-75, 20, 40
74-77, 21, 40
72-77, 22, 40
79-79, 22, 40
71-79, 23, 40
71-79, 24, 40
71-79, 25, 40
71-79, 26, 40
72-79, 27, 40
72-78, 28, 40
73-77, 29, 40
76-76, 20, 41
74-78, 21, 41
72-79, 22, 41
71-79, 23, 41
71-79, 24, 41
71-79, 25, 41
71-79, 26, 41
70-79, 27, 41
72-79, 28, 41
73-77, 29, 41
76-76, 20, 42
74-79, 21, 42
72-79, 22, 42
71-79, 23, 42
71-79, 24, 42
71-79, 25, 42
71-79, 26, 42
71-79, 27, 42
72-79, 28, 42
73-77, 29, 42
76-76, 20, 43
73-77, 21, 43
72-79, 22, 43
71-79, 23, 43
71-79, 24, 43
71-79, 25, 43
71-79, 26, 43
71-79, 27, 43
72-78, 28, 43
73-77, 29, 43
76-76, 20, 44
74-77, 21, 44
72-79, 22, 44
72-79, 23, 44
71-79, 24, 44
71-79, 25, 44
71-79, 26, 44
71-79, 27, 44
72-78, 28, 44
74-77, 29, 44
76-76, 20, 45
75-75, 21, 45
72-77, 22, 45
72-79, 23, 45
72-78, 24, 45
71-79, 25, 45
72-79, 26, 45
72-78, 27, 45
72-77, 28, 45
74-74, 29, 45
77-77, 29, 45
74-75, 22, 46
73-76, 23, 46
72-78, 24, 46
72-78, 25, 46
72-78, 26, 46
73-77, 27, 46
74-74, 28, 46
76-77, 28, 46
74-75, 22, 47
74-76, 23, 47
73-77, 24, 47
72-77, 25, 47
73-77, 26, 47
73-77, 27, 47
75-75, 24, 48
74-75, 25, 48
75-76, 26, 48

---
Detection #3
50-50, 48, 58
49-50, 49, 58
48-49, 50, 58
52-52, 50, 58
49-50, 51, 58
50-51, 52, 58
49-50, 48, 59
48-52, 49, 59
47-52, 50, 59
48-52, 51, 59
49-51, 52, 59
50-50, 53, 59
49-50, 47, 60
47-53, 48, 60
47-53, 49, 60
47-53, 50, 60
47-52, 51, 60
48-53, 52, 60
49-50, 53, 60
48-48, 54, 60
48-49, 46, 61
51-52, 46, 61
47-52, 47, 61
47-54, 48, 61
46-53, 49, 61
46-53, 50, 61
47-54, 51, 61
45-45, 52, 61
47-54, 52, 61
48-53, 53, 61
48-49, 54, 61
51-52, 54, 61
49-49, 45, 62
48-52, 46, 62
47-53, 47, 62
46-54, 48, 62
46-54, 49, 62
46-54, 50, 62
46-54, 51, 62
45-54, 52, 62
47-53, 53, 62
47-52, 54, 62
50-50, 55, 62
52-52, 45, 63
48-53, 46, 63
47-53, 47, 63
46-54, 48, 63
45-54, 49, 63
46-55, 50, 63
46-54, 51, 63
45-54, 52, 63
46-53, 53, 63
47-52, 54, 63
49-50, 55, 63
48-49, 45, 64
52-52, 45, 64
47-53, 46, 64
47-53, 47, 64
46-54, 48, 64
45-54, 49, 64
46-55, 50, 64
46-54, 51, 64
45-54, 52, 64
46-54, 53, 64
47-52, 54, 64
50-50, 55, 64
52-52, 55, 64
48-48, 45, 65
52-52, 45, 65
47-53, 46, 65
47-53, 47, 65
46-54, 48, 65
45-54, 49, 65
46-54, 50, 65
46-54, 51, 65
45-54, 52, 65
46-54, 53, 65
48-52, 54, 65
50-50, 55, 65
48-48, 45, 66
48-51, 46, 66
47-53, 47, 66
46-53, 48, 66
45-54, 49, 66
46-54, 50, 66
46-54, 51, 66
46-54, 52, 66
47-54, 53, 66
49-52, 54, 66
50-50, 55, 66
50-50, 46, 67
47-52, 47, 67
46-53, 48, 67
46-54, 49, 67
47-53, 50, 67
47-54, 51, 67
47-53, 52, 67
47-47, 53, 67
49-52, 53, 67
50-50, 54, 67
49-51, 47, 68
47-53, 48, 68
47-53, 49, 68
47-53, 50, 68
47-53, 51, 68
48-52, 52, 68
49-51, 53, 68
49-49, 47, 69
48-48, 48, 69
47-52, 49, 69
48-53, 50, 69
49-52, 51, 69
49-51, 52, 69
49-49, 53, 69
49-52, 49, 70
48-50, 50, 70
50-50, 51, 70
50-51, 52, 70

---
Detection #4
25-25, 73, 80
23-23, 74, 80
25-27, 74, 80
24-24, 75, 80
23-26, 76, 80
26-26, 77, 80
24-25, 73, 81
27-27, 73, 81
23-27, 74, 81
24-27, 75, 81
22-28, 76, 81
23-27, 77, 81
24-26, 78, 81
25-26, 72, 82
23-27, 73, 82
22-27, 74, 82
22-28, 75, 82
22-28, 76, 82
23-27, 77, 82
24-26, 78, 82
23-24, 71, 83
26-26, 71, 83
23-27, 72, 83
22-29, 73, 83
21-28, 74, 83
22-29, 75, 83
22-30, 76, 83
22-28, 77, 83
23-28, 78, 83
24-25, 79, 83
27-27, 79, 83
25-25, 70, 84
23-24, 71, 84
26-27, 71, 84
22-28, 72, 84
21-29, 73, 84
21-29, 74, 84
21-29, 75, 84
21-30, 76, 84
21-29, 77, 84
22-28, 78, 84
22-27, 79, 84
25-25, 70, 85
23-27, 71, 85
22-28, 72, 85
21-30, 73, 85
20-29, 74, 85
21-29, 75, 85
21-30, 76, 85
21-29, 77, 85
22-28, 78, 85
22-28, 79, 85
24-25, 70, 86
27-27, 70, 86
23-28, 71, 86
20-28, 72, 86
20-29, 73, 86
20-29, 74, 86
21-30, 75, 86
21-30, 76, 86
21-29, 77, 86
22-28, 78, 86
22-28, 79, 86
24-25, 70, 87
23-28, 71, 87
21-28, 72, 87
20-29, 73, 87
20-29, 74, 87
21-30, 75, 87
21-30, 76, 87
21-29, 77, 87
22-29, 78, 87
22-28, 79, 87
23-27, 71, 88
22-27, 72, 88
21-29, 73, 88
20-29, 74, 88
21-29, 75, 88
21-29, 76, 88
21-29, 77, 88
22-29, 78, 88
22-28, 79, 88
25-26, 71, 89
23-27, 72, 89
21-29, 73, 89
23-28, 74, 89
21-29, 75, 89
21-28, 76, 89
22-28, 77, 89
22-28, 78, 89
24-27, 79, 89
25-26, 72, 90
23-27, 73, 90
23-28, 74, 90
22-28, 75, 90
22-28, 76, 90
23-27, 77, 90
24-26, 78, 90
24-27, 73, 91
23-28, 74, 91
23-27, 75, 91
23-28, 76, 91
23-27, 77, 91
24-26, 78, 91
24-26, 73, 92
25-25, 74, 92
27-27, 74, 92
24-24, 75, 92
27-27, 75, 92
24-25, 76, 92
24-24, 78, 92
21-21, 72, 96

---
Detection #5
73-73, 74, 102
75-75, 74, 102
77-77, 74, 102
73-74, 75, 102
77-77, 75, 102
75-77, 76, 102
74-75, 77, 102
76-76, 72, 103
73-76, 73, 103
72-77, 74, 103
72-77, 75, 103
73-77, 76, 103
74-77, 77, 103
75-76, 72, 104
72-77, 73, 104
72-78, 74, 104
80-80, 74, 104
72-78, 75, 104
72-77, 76, 104
73-78, 77, 104
74-75, 78, 104
72-72, 72, 105
74-77, 72, 105
71-77, 73, 105
79-79, 73, 105
71-78, 74, 105
80-80, 74, 105
70-79, 75, 105
70-79, 76, 105
72-78, 77, 105
73-77, 78, 105
75-75, 79, 105
73-77, 71, 106
72-78, 72, 106
71-79, 73, 106
71-80, 74, 106
70-79, 75, 106
70-79, 76, 106
72-78, 77, 106
72-78, 78, 106
73-73, 79, 106
75-78, 79, 106
74-74, 70, 107
73-78, 71, 107
71-78, 72, 107
71-79, 73, 107
71-80, 74, 107
70-80, 75, 107
70-79, 76, 107
71-79, 77, 107
72-78, 78, 107
73-78, 79, 107
75-76, 80, 107
74-75, 70, 108
78-78, 70, 108
73-78, 71, 108
71-78, 72, 108
70-79, 73, 108
71-80, 74, 108
70-80, 75, 108
70-79, 76, 108
70-79, 77, 108
71-78, 78, 108
71-71, 79, 108
73-77, 79, 108
73-73, 80, 108
75-78, 80, 108
77-77, 70, 109
72-78, 71, 109
71-78, 72, 109
70-79, 73, 109
71-79, 74, 109
70-80, 75, 109
71-79, 76, 109
70-79, 77, 109
71-78, 78, 109
71-71, 79, 109
73-77, 79, 109
79-79, 79, 109
73-73, 80, 109
76-77, 80, 109
77-77, 70, 110
73-77, 71, 110
71-78, 72, 110
71-79, 73, 110
71-79, 74, 110
70-79, 75, 110
71-79, 76, 110
71-78, 77, 110
72-78, 78, 110
73-77, 79, 110
73-73, 71, 111
75-77, 71, 111
71-78, 72, 111
72-78, 73, 111
71-79, 74, 111
71-79, 75, 111
72-78, 76, 111
71-78, 77, 111
72-78, 78, 111
74-74, 79, 111
76-76, 71, 112
73-77, 72, 112
72-78, 73, 112
71-77, 74, 112
72-77, 75, 112
72-77, 76, 112
72-77, 77, 112
72-72, 78, 112
74-74, 78, 112
76-76, 78, 112
75-76, 72, 113
74-76, 73, 113
73-77, 74, 113
72-77, 75, 113
73-77, 76, 113
74-77, 77, 113
76-76, 73, 114
74-76, 74, 114
73-75, 75, 114
77-77, 75, 114
75-77, 76, 114

---
--------------
Duchamp completed: Tue Feb  5 15:45:48 2008
